99 124 416 524 463
550 327 152 421 213 360 60 347 382 127 85 83 277 538 299 105
223 271 234
154 328 411
196 355 12
113 285 149 495 226 418 200 170 169 173 464 420 467
321 15 548 308 287 260 523 228 286 578
13 583 204 20
396 483 456 251 218 599 516 541 187 484
332 246 328 596 216
462 251 432 411 516 541 518 191 218 249
142 463 524 416
481 486 456 121 411 432 191 187 414 220 434 146 518 516
506 14 259 15
136 569 300 216 596
255 583 503 453 389 479 20
511 516 251 484 518
375 124 493 397
282 198 556 234 123 596 53 379 613 378 236 54 246 558 80 17 231 394 79 609 306 339
4 340 83 108 152 402 360 62 85 362 382 87 127 422 447
534 239 585 234 469 231
603 135 182 346 156 450 428 388 88 404 475
32 369
109 463 524
333 389 134 505 103 563 507 204 559 479 466 419 161 529 477 158 201 430 587 503 215
144 328 596 216 246
81 551
601 524
426 463
132 493 442 397
57 524
208 574 284 335
490 244 277 213 298 593 538 536 564
576 232 555
408 409 70 48 141
297 569 300 246
212 135 424
39 289 553 37 267 612 284 606 230
130 411 518 486 434
78 411 414 191 432 220 518
93 421 347 62 60 387 229 296 447 325 41 194 487 276 467 24 85 461 420 546 340 43 226 83 402 422 108 382
358 484 456
150 420 487 257
441 524 463
554 486
95 524 463
537 328 246
266 524 463
597 285
19 526
94 37 355
498 558 236 133 535 168 209 198 437 234 502 448 205 122 585 423 246
40 108 402 83 386 62
365 191 414 434 246 146 163 220 516
363 416 155 463 245 134 505 206 503 210 524
401 187
203 43 23 367 294 368 320 0 273 586 67 344 21
275 92
400 328 246
128 103
517 232
540 495 461 43
345 416
316 335
247 556 579 528 469 231 339 198 315 239 613 17 585
147 524
242 524
243 463 524
561 515 9 248 351 326 302 28
468 121
410 409 614 477 185
221 97
532 124 524 416
153 36 284 303 12 574 56 353 606 604
29 347
512 246 328 596 216
100 574 335 56 36 303 12
8 526 574 305 284 197 259 582 37 233 267 335 465 606
18 497 555 292 176 202 232 237 268 611 584
508 292
74 340 402 87 360 447 422 85 386 385 62 41
562 288 313 608 338 610
235 246 216
75 124 416
16 591 298 325 24 276
167 338 291 610 241 288 206 529 581 419 587 313 201 557 503
51 416 524
102 463 524 103 416 124
162 310
573 524 463
269 14 574 355 575 335 259 284
115 524 463
166 560 151 611
371 524 463 493
186 479 70 48 453 141 72 161 427 409 137 391 389
145 448 209 133 535 246
189 300 569 328 246 596
370 541 249 279
527 175 233
547 218 541 249 513 599
407 444 173 200 495 418
222 328 569
256 124 416 524
73 284
7 416 524
5 432
98 434 191
11 315 133 535 231 423
172 604
77 246 328
71 563
429 524
435 355 284 12 14 305 575 336 259
589 524
494 416 442 103 463 124
568 246
522 463
398 445 82 467
357 541 187 599 513
436 463 524
501 524 463
433 524
452 575
525 53 394
395 270 303
480 313 610 288
225 463 524
217 216
449 492 553
337 416 463 524
545 220 432 163
253 124 524 463
25 555 232 584
293 232
274 287
307 232 268 555
164 279 596 569 300
364 483 218 513
384 84
55 383
138 416
482 378
44 237 202
31 524
602 442 466
280 227
27 190
510 12 56 303
281 555
543 524
59 611
446 300 569 246 216 328
519 207
542 524
42 488
552 596
10 268 555
258 90 595 92 428 117 405
491 124
125 416
58 37 606 335
254 524 416
352 146 434 411
211 524
45 314
116 246 328
91 486
455 524
580 463
605 524
413 596
343 557 583 272 290 291
374 24 536 591
1 569 300
50 124
478 555 551 611
120 216
499 124
68 328
110 246
504 177
457 582 233
412 611
224 463
330 314 232 555 551 265
372 124 416
148 456 484
174 524
324 555
86 546
118 463 524
549 524
318 416 524
214 367 43
263 163 516 484
106 524
376 232
319 123 53 54
460 300
531 246
373 397
252 477
322 246
458 541
240 524
356 524
301 300 279 569
348 121 414 168
264 432 251 220 516
329 191 518
485 232
377 524
65 584
471 251 187
417 394
334 524
393 390
238 466
520 524
341 524
571 463
474 268
126 354
592 232
521 251
588 461
615 124
349 246
509 551
6 524
500 415
361 36
572 577
143 397 124 416
101 524
159 103
359 584
350 279
539 604
439 180
114 279
399 124
380 524
570 524
140 611
119 524 416
454 328
112 312 17
76 546
52 300
566 524
104 546
311 251
278 244 3
179 84
392 524
443 246
598 124
188 524
160 216
451 216
489 287
250 524
600 463
63 103
514 300
261 328 246
165 524
139 66
192 463
594 524
33 419
49 596
64 133
157 232
342 124
438 300
181 53
496 287
