0 0
1 2 3
2 8 6 4 7
3 10 11
4 12
5 13
6 13
7 15
8 22 19 21 20
9 18 13
10 26 23 25
11 27
12 28 35 30 32 31 34
13 37 38
14 44 39 47 41 43 42 45
15 48
16 53 51 49 52
17 57 54 56
18 17 59
19 60
20 61
21 62
22 65 66
23 72 67 74 69 76 71 70 73
24 78 79
25 58 16 85 18 89 19 87 81 17 20 21 86 83 84 88 82
26 20
27 86
28 91
29 92
30 93
31 95
32 104 101 98 97 108 100 103 106 99 102
33 109
34 110
35 111
36 116 114 112 115
37 113
38 118 113
39 120 109
40 121
41 122
42 123
43 129 127 125 128
44 130
45 132
46 134 135
47 136
48 138
49 139
50 140
51 141
52 151 148 145 144 154 147 150 146 149
53 158 156 49 157
54 159 164 160 162 161 158
55 168 165 167
56 169
57 170
58 170 172
59 170 175 173 171
60 171
61 176
62 177
63 178
64 174 170 173
65 172 175 173 171
66 180
67 172 181 173
68 182
69 176
70 177 172
71 177
72 184
73 186 187
74 137
75 170 181
76 188 194 189 191 190 193
77 195
78 197
79 201 198 200
80 202 203
81 82 86 17
82 208 206 204 207
83 209
84 211
85 91 58 86
86 20
87 217 214 216
88 218
89 220
90 221
91 222
92 210
93 210
94 204
95 224
96 207
97 225 226
98 207
99 220
100 210 223 207 209
101 235 232 238 230 245 243 240 229 236 246 231 239 234 237 241 233
102 209
103 247
104 260 253 256 250 249 261 252 255 258 251 254
105 20
106 205
107 177
108 263 164 262
109 155 264 265
110 263 267 163 155 157 162 158 264
111 268
112 163 166
113 50 270
114 262
115 155 265 271 264 53 272 262 52 164
116 53 274 166
117 278 275 277
118 279
119 275
120 279
121 284 281 283
122 18 21
123 288 285 287
124 209 290 291 225 292
125 298 293 301 295 297 296 299
126 176
127 306 304 302 305
128 307
129 313 310 312 311
130 315 316
131 317
132 318
133 324 319 327 321 323 322 325
134 333 339 331 346 344 341 330 337 348 332 340 335 338 342 347 334
135 91
136 163 162 349 161 350
137 351
138 352
139 274
140 274
141 158
142 155
143 263 262
144 156 159 160
145 262
146 50
147 355
148 214 217 356
149 209 223 220
150 357 209
151 358
152 206 209
153 209
154 209 225
155 223 359 220 226 204
156 360 356 209 225 361 226
157 364 365
158 369 366 368
159 370
160 374 371 373
161 379 377 375 378
162 380
163 386 383 385 384 387
164 392 302 391 390
165 393
166 48
167 399 394 400 396 402 398 397 190
168 405 192 193 126 194 128 404 189 125
169 190
170 416 424 411 421 423 425 410 417 426 412 420 415 418 422 414
171 427
172 428
173 429
174 430
175 431
176 431
177 295 294 435 434 432 437 439 441 436 438
178 444 431
179 451 296 447 453 454 455 446 297 444 448 431 450 298 299 300
180 457 435
181 293 435 437 296
182 443 461 459 458 463 430 435 460 432
183 431 444 460 442 464 440 432 465 433 462 437
184 406
185 194 189 402 192 466 127 404 467
186 402 190 399 398
187 128
188 169
189 468 202 203 84
190 469
191 470
192 474 471 473
193 475
194 481 478 480 479
195 220
196 482
197 225
198 483
199 359
200 485
201 492 489 491 490
202 210
203 494 495
204 210
205 207
206 500 498 499 311
207 16 87 15 58
208 213 84 501
209 501 504 503 24 23 25 26 506
210 509 20 14 16 87 17 508 22
211 84 510
212 511
213 210
214 513
215 515
216 517
217 519
218 524 522 520 523
219 525
220 527 528
221 529
222 531
223 535 532 534
224 537 538
225 538
226 539 545 541 542 537 544
227 546
228 538
229 538
230 476
231 547
232 548
233 549
234 554 553 551 519
235 558 556 78 557
236 559
237 561
238 561
239 568 566 564 563 571 565 561 560 567
240 572
241 573
242 445 446 451 448 300 455 447 463 438 430 460 453 442 432 294 444
243 576 440 436 459
244 293 450 460 447 430 463 444 442
245 460 463
246 398 404 407 400 396 466 577 395 402
247 190 394 397 399
248 578
249 405 192 406 579 194
250 585 580 588 582 584 583 586
251 590 591
252 603 606 600 605 594 601 608 596 599 602 604 595 598
253 609
254 610
255 611
256 566 613 614
257 615
258 617 618
259 619 617
260 616
261 620
262 635 627 630 624 623 636 626 629 632 634 625 628
263 637
264 638
265 639
266 318
267 641
268 643
269 653 657 645 665 649 646 656 659 647 648 666 661 664 667 651 654 658 663 650
270 657 647 651 670
271 671
272 681 678 675 674 684 677 680 676 679
273 13 203 86 81 85 89 82 19
274 685 686
275 687
276 616 617
277 616
278 697 705 692 702 704 706 691 698 707 693 701 696 699 703 695
279 190
280 708
281 722 714 717 711 710 723 713 716 719 721 712 715
282 377
283 724
284 725
285 726
286 327 323 727 320
287 616
288 618
289 616 617
290 616 617
291 618
292 619 617
293 619 616
294 617 618
295 617 616
296 617 616
297 616
298 618
299 728
300 619
301 618
302 616 618
303 617
304 618 616
305 730
306 733 734
307 670
308 735
309 739 737 594 595 601 740 596 738 602 597 603
310 749 746 743 742 752 745 748 744 747
311 754 755
312 756 598 596
313 758 759
314 59
315 760
316 508 37 38 36 86 80 202
317 762
318 763
319 225
320 359
321 764
322 766
323 23 768 771 24 502 769 510
324 15 20 87 772 19 169
325 18
326 777 775 773 776
327 747 794 786 788 741 779 743 781 780 790 795 742 798 796 791 799 793 783 751 789 792 782
328 800
329 81
330 802
331 803
332 371
333 810 807 809 808 811
334 812
335 371 816 818 817 819
336 824 822 820 823
337 825
338 828 291
339 761 84 59
340 358
341 214 356 830 831
342 358
343 829 832 834
344 320 835
345 836
346 838
347 831 832 840 356
348 842 849 844 846 845 848
349 155
350 827 850 851 291
351 210 225 359
352 359 225 209 206
353 777 853 776 854
354 581
355 855
356 856
357 857
358 377
359 858
360 596 604 600
361 860
362 525
363 862
364 862
365 864 863
366 863
367 869 867 865 868
368 871 872
369 873
370 875 876
371 877
372 0
373 881 880 878 0
374 882
375 0
376 885 886
377 887
378 888
379 889
380 84 89 24 771 26 769 761
381 891 892
382 893
383 894
384 738
385 902 899 885 897 909 907 905 745 746 910 898 904 901 903 906 900
386 798 783 787 911 915 912 741 743 788 913
387 220 210
388 916
389 80 507 510 81 769 501 509
390 918
391 919
392 923 920 922 921 924
393 303 925 927 926 928
394 929
395 904 787 915 788 910
396 305 930 304 925
397 207
398 931
399 931
400 932
401 933
402 934
403 939 936 938 937 940
404 547
405 942 943
406 949 946 948 947 950
407 956 951 959 953 955 954 957
408 971 990 968 960 963 774 975 964 972 970 773 961 988 962 987 981 989 980 976 983 965 978 991 966 969 973 986
409 769 992 768 510
410 996 553 993 552 997 994 387 384 995
411 998 999
412 973 777 1000
413 1009 1006 1003 1002 1012 1005 1008 1004 1007
414 1013
415 1014
416 1015
417 1017 519 1016
418 958 1019
419 1020
420 929
421 333
422 1022
423 1035 1028 1031 1025 1024 1036 1027 1030 1033 1026 1029
424 1037
425 70
426 756
427 618 617
428 1038
429 1039
430 1041
431 1055 1048 1051 1045 1044 1056 1047 1050 1053 1046 1049
432 1048 1055 1057
433 1055 1053
434 1059
435 1061
436 1068 1065 1067 1066 1069
437 169 15 16 87
438 1070
439 1071
440 525
441 1073
442 1079 1076 1078 1077
443 1073 1080 1086 1082 1084 1083 317
444 1089 1085 1081 1088
445 1090
446 1092
447 1098 1093 1101 1095 1097 1096 1099
448 1102
449 1104
450 904 896 35 30 1106 33
451 1000 1107 776 973
452 1108
453 1117 1112 1115 1148 1142 1122 1126 1154 1124 1118 1125 1138 1141 1155 1109 1140 1139 1114 1120 1143 1110 1153 1130 1111 1145 1144 1132 1150 1119 1131 1127 1156 1129 1116 1151 1123 1137 1147
454 1162 1157 1164 1159 1166 1161 1160 1163
455 851 360 1170 1169
456 1171 1174 361 206 834 827
457 475
458 1176 1177
459 1178
460 860
461 525
462 1179
463 1182 1183
464 218 205 209 208
465 708 729
466 1184
467 1185 1186
468 1197 1189 1188 1195 1191 1194 1190 1193
469 1198
470 1200
471 996
472 304 1185 392
473 305 303 1185 1186
474 1201
475 1204 1202 1203
476 1210 1207 1209 1208 1211
477 826
478 215
479 1212
480 304
481 1214
482 1104 1214
483 1216 1217
484 1218
485 1221 1222
486 1223
487 1224 1225
488 1226
489 1214 1104
490 516
491 514
492 383
493 1227
494 1231 1241 1244 1243 1239 1230 1237 1245 1232 1240 1235 1238 1242 1234
495 1242 1234 1245
496 304
497 860 861
498 1246
499 1135
500 1119 1248
501 1146
502 1253 1251 1249 1252
503 303 861 302 860 392 729 304 305
504 1263 1255 1254 1261 1257 1260 1256 1259
505 1265 1266
506 1267
507 1268
508 1270 1271
509 1273 1274
510 1278 1275 1281 1263 1277 1276 1279
511 752
512 1282
513 1284 708
514 860
515 993 386
516 1187
517 1286
518 1287
519 1132 1110 1122 1151 1156 1137 1146 1149
520 1288
521 1289
522 1295 1235 1293 1299 1241 1240 1292 1296 1245 1294 1297 1236 1230 1298 1300 1243
523 1292 1293 1240 1304 1301 1243 1295 1302 1303 1308 1300 493 1297 1294 1307 1305 1298 1241 1238 1236
524 1177
525 1116 1128 1113 1133 1135 1123 1127 1146 1155 1145 1118 1122 1153
526 1111 1143 1155 1140 1114 1135 1147 1146 1141 1118 1145 1156 1134 1131 1144 1117 1122
527 1142 1126 1156 1112 1139 1151 1153 1137
528 1134 1309 1135 1111
529 1315 1312 1311 1310 1318 1152 1314 1317 1121 1313
530 1320 1309
531 1134 1154 1123 1111 1124 1135 1147 1125 1150 1140 1113 1138 1152 1136 1127
532 1325 1148 1152 1119 1130 1326 1321 1322 1323 1324 1154 1120
533 1131 1134
534 1111 1119 1248 1314 1144 1247 1148 1152 1136 1121 1327 1312
535 1330 1328 599 1329
536 1155 1132 1143 1116 1110 1122 1114 1141 1135
537 1335 1313 1323 1309 1316 1334 1327 1331 1247 1324 1336 1314 1337 1317 1315 1332 1333 1310 1311 1319
538 1339
539 1340
540 1342
541 1348 1343 1351 1345 1347 1346 1349
542 438 450 449 464 460 575 445 446 452
543 431
544 1358 1360 1357 1359 1353 436 463 435 1356 454 430 1354 1355
545 1352 459 1353 1354 436 458 439 461 432
546 576 455 1357 1360 1358 1356 1354 431 1359 433 1352 454 457 441 456 1355 575 436 458
547 1361
548 1320 1317 1116 1119 1155 1110 1363
549 1368 1366 1364 1367
550 1369
551 1371
552 1373
553 594
554 708
555 1374
556 1380 1377 1379 1378
557 53 264 52 162
558 1381
559 1128
560 1386 1384 1382 1385
561 1389 307 928 1387 1392 1375 1388 1390
562 304
563 1393
564 1411 1412 1407 1419 1396 1399 1400 1397 1410 1417 1398 1420 1418 1413 1421 1415 1402 1405 1409 1414 1401
565 1422
566 1332 1310 1311
567 1423
568 1424
569 1428 1425 1427
570 15
571 860
572 1429
573 1021 1433 1432 1438 1020 1437 1434 1436
574 1440
575 654 652 644 650
576 825
577 1442
578 306 305 708 392
579 1371
580 1444 1372 525
581 355 1445 1446
582 1447
583 1286
584 1423 1448 1452 1450 1244 1233 1424 1451
585 1229 1424
586 1452 1455 1470 1458 1244 1462 1464 1456 1457 1451 1466 1423 1467 1449 1469 1453 1450 1463 1468 1233
587 1423
588 1460 1466 1233 1463 1459 1456 1472 1239 1469 1448 1470 1451 1458 1468 1423 1449 1228 1471
589 538
590 538 1473 1474
591 1214 1477 537 543 1223 542 1104 1476 541 1478 1475 538
592 1473 538 536
593 1479
594 1481 1482
595 0
596 619 616
597 1186
598 305 392
599 1483
600 617 618
601 1484 1487 1289 1252 1485 1251
602 1339 1486 1249 1484
603 1290 1487
604 1486
605 1488
606 1340 1341
607 1490
608 1318 1317 1311 1331 1313 1338 1334 1310
609 1314 1311 1316 1248 1315 1121 1115
610 1336 1338 1334 1317 1333 1310
611 1324 1332 1331 1335 1313 1246
612 1130 1115 1121 1119 1247 1317 1148 1120 1310 1144 1154 1327 1312
613 1492 1497 925 390 376 1499 1491 1495 1501 708 1498 1493 1496 1283 1500 1092
614 392 305 1185
615 1503 1492 1185 860 1186
616 926 1504
617 1504
618 927
619 1389 1504 1283 925
620 1505
621 1495 925 1504
622 1284 1509 729 1507 306 1508 304 303 930 305
623 1186 392
624 1512 1511 925 1491
625 304 303 306 305 708
626 708 306 307 1392
627 303 1283 306 1284
628 1185 1186
629 392
630 926 1516 1514 1513 1392 1504 927 1515 392
631 930
632 708 303 305 304
633 728 861 925 306 1391 860
634 307
635 861 302
636 305 1391 304
637 392 927 1284
638 1523 1520 1522 1521
639 1524
640 1525
641 1524 1525 1527 1529
642 1530
643 1253 1289 1250 1252
644 1485 1486 1339 1341
645 1110 1126 1151 1149 1338 1128 1130 1120 1131 1321 1314 1109 1152 1154 1144 1135 1129 1134 1117 1325 1363 1312 1115 1317 1119 1310 1315 1122 1121 1132 1156 1141 1116 1118 1147 1146
646 1490 1485
647 1249 1490 1489 1531 1488 1342
648 1252 1250 1341 1289
649 1250
650 1532
651 538
652 538
653 538
654 1477 1104 546
655 538
656 1214
657 538
658 546 1214
659 538
660 1474 1223 1104 1477 546 538
661 538
662 538
663 1214
664 546 1104
665 537
666 1214 1104
667 538 1474 1214 1473 1104
668 538
669 536 1104 546 1473 1214
670 1214 1104
671 538
672 1475 1533 540 1476
673 1534
674 1546 1538 1537 1544 1540 1543 1539 1542
675 1452 1450 1469 1458 1467
676 1462 493 1460 1465 1457 495 1464 1305 1306 1463
677 1464 1308 1460 1469 1468 1467 1462 1455 1465 1458 1459 1471 1296
678 307
679 1548 1549
680 1230 1424 1235 1238 1297 1450 1451 1301 1306
681 1132 1147 1110 1114 1141 1127 1155 1116
682 1214 1223 1104 1477
683 1550
684 1551
685 1309 1320
686 1231 1454 1552 1228
687 1112
688 1114 1118 1155 1145 1141 1110 1129 1133 1153 1143 1132 1156
689 1132 1148 1120 1131 1130 1124
690 1142 1139 1137 1112 1146
691 1152 1125 1138 1124 1140
692 1320
693 1566 1558 1561 1555 1554 1567 1557 1560 1563 1565 1556 1559
694 1565 1569 1557 1573 1570 1577 1579 1571 1572 1578 1566 1562 1558 1574 1576 1559 1554 1561
695 1577 1595 1586 1588 1590 1558 1581 1582 1564 1591 1596 1580 1599 1597 1592 1600 1560 1583 1585 1589 1593 1553
696 1601
697 1583 1557 1595 1567 1565 1603
698 1574 1569 1559 1594 1606 1573 1605 1608
699 1554
700 1575 1566 1571 1561 1560 1553 1565 1573 1559 1584 1558 1594 1609 1572 1564 1608 1563 1568 1567 1576 1579 1612 1577 1562
701 1557 1565 1614 1553 1576 1585 1555 1580 1596 1563 1609 1564 1583 1612
702 1553 1558 1566 1561 1555 1610
703 1615 1590 1584 1599 1616 1588 1560 1575 1593 1592 1582 1612 1607 1574 1595
704 1580 1616 1592 1605 1610 1553 1585 1560 1558 1583 1566 1567 1561 1590 1612 1557
705 1613 1555 1573 1592 1596 1608 1578 1598 1575 1585 1583 1587 1559 1609 1560 1558 1593 1597 1594 1553 1561 1568 1554 1595 1581 1569 1562 1574 1588 1582 1556 1599 1570 1567 1610 1572 1584
706 1588 1587 1600 1616 1595 1586 1592 1615
707 1561
708 1562 1596 1558 1556 1555 1588 1587 1584 1598 1611 1559 1610 1609 1613 1595 1612 1557 1565 1618 1616 1573 1572 1566 1554 1617 1605 1567 1585 1563 1580 1575 1583 1586 1604 1608 1593
709 1597 1583
710 1584 1598 1594 1595
711 1599 1619 1592 1590 1582 1615 1600 1604
712 1612 1570 1608 1588 1576 1573 1618 1574 1559 1575 1584 1562 1580 1558 1577 1565 1563 1610 1578 1613 1566 1579 1557 1561 1571 1560
713 1561 1610 1583
714 1555 1585 1596 1576 1616 1600 1556 1597 1562 1593 1579 1612 1558 1568 1560 1618 1567 1565 1554 1592 1617 1566 1561 1590 1572 1564 1599 1619 1570 1559 1583 1614 1578 1584 1577 1620 1591 1613 1580 1610 1557 1609 1615
715 1579 1557
716 1582 1600 1599
717 1564 1561 1595 1588 1555 1557 1611 1566 1553 1596 1609 1580
718 1579 1614
719 1611 1573 1567 1612 1574 1610 1565 1556 1575 1578 1568 1576 1562 1566 1559 1579 1570
720 1583 1585 1580 1596 1558
721 1597 1593 1558 1566 1565 1560 1553 1586 1610 1612 1576 1557 1595 1587
722 1590 1564 1596 1557 1584 1560 1598 1561 1595 1594 1588 1583 1597 1563 1580 1593 1558 1581 1616 1553 1586
723 1618 1596 1584 1620 1597 1580 1566 1581 1595 1560 1593 1603 1588 1615 1558 1555 1553 1594 1585 1564
724 1593
725 1599 1582 1607 1589 1603 1605
726 1609 1553 1581 1564 1616 1583 1594 1598 1580 1571 1611
727 1611 1579 1596 1576 1565 1612 1561 1567 1557 1581 1580 1585 1560 1587 1586 1598 1566 1593 1619 1609 1571 1614
728 1612 1566 1611 1609 1582 1563 1579 1567 1607 1606
729 1594
730 1621
731 1558 1563 1566 1557 1560 1561 1555 1580 1585 1564 1594
732 1622
733 13 16 15
734 1633 1625 1624 1631 1627 1630 1626 1629
735 919
736 1634 1641 1636 1638 1637 1640
737 1503 1642 612
738 1643
739 392 1185 1186
740 1645 1646
741 1341 1339 1484 1489 1249 1340
742 554
743 552 1017
744 514
745 1652 1649 1651 1650
746 1391 611 391 1517 925 1653
747 1643 1513 1655 1389 388 1657 1200 1656 1658
748 1186 392
749 1514
750 1662 1660 1661
751 1217 1663 1665
752 934 1666 1668
753 1669
754 1674 1672 1670 1673
755 1675
756 169 20
757 1676
758 1677
759 916
760 1687 1682 956 1679 959 1688 1681 1684 1686 1680 1683
761 1693 1691 1689 1692
762 1601 1663 518
763 16 18
764 504
765 27
766 1694
767 1651 1698 1696 1699
768 1700
769 1649 1698
770 1701
771 1699
772 1702
773 1703
774 1371
775 1157 1165
776 525
777 1705
778 1706
779 1709 1710
780 1711
781 1132 1316 1332 1309 1335 1337
782 1320
783 1718 1715 1717 1716
784 1719
785 1724 1739 1730 1722 1723 1736 1731 1737 1735 1721 1728 1740 1726 1729 1733 1738 1725
786 1741
787 1743 1744
788 1474
789 1223
790 1745
791 860
792 1748 1749
793 306
794 728
795 1186
796 306
797 708 305 1508 302 1514 392 729 306
798 860
799 1643
800 1390
801 929
802 766
803 305
804 993
805 215 1218 1752 1665
806 1758 1755 1757 1756
807 1759
808 1755
809 1760
810 1449 1462 1464 1472 1296 1455 1466 1471 1467 1452 1468 1305 1423 1450 1456 1469 1307
811 1761
812 1766 1762 1768 410 414 1765 1764 1767
813 1770 1777 1772 1774 1773 1776
814 1791 1783 1786 1780 1779 1792 1782 1785 1788 1790 1781 1784
815 1793
816 672 1794
817 1797 1660 120 1796 138
818 1803 1800 1802 1801
819 1214
820 1804
821 547
822 1485
823 1341
824 1487
825 1253
826 637
827 1488 1253 1531
828 1807
829 1808
830 1809
831 1810
832 1823 1824 1417 1412 1812 1814 1405 1410 1822 1828 1813 1830 1829 1825 1831 1827 1816 1818 1821 1826 1815
833 1832
834 1835 1833
835 1837 1838
836 203 12 508 761 202 86
837 1839
838 1701 1841 1843
839 1844
840 1845
841 1846
842 1852 1847 1854 1849 1856 1851 1850 1853
843 1881 1869 1857 1861 1873 1862 1870 1868 1879 1858 1859 1882 1860 1878 1883 1875 1887 1877 1864 1867 1871 1885 1876 1863
844 519 997 1016
845 1888 651 663
846 1893 1891 1889 1892
847 989 1895 973 962 854 1894 1107 776 964
848 1896
849 1535
850 538
851 1897
852 1905 1902 1899 624 1907 1901 1904 1900 1903
853 1909 1910
854 1248 1315 1314 1327 1247
855 122
856 1911
857 1911
858 1336
859 660 661
860 1912
861 1913
862 1186 1185 305 392 304
863 792 748 782 913 783 750 798 1914 1915 788 915
864 1926 795 1923 896 1916 1918 1919 906 1925 1928 1917 1930 1929 903 910 1927 1920 1921 1924 898 884
865 1931 32 911 34
866 1933 794 742 791 741 909 1105 1932 752 913 787 783 1935 910 779 748 750 1934 902 1920
867 903 1936
868 1937
869 781
870 745 1938 905 744 749 31 1939 1919
871 915
872 791 788 911 787
873 742 798 787 792 791 788 794
874 1945 1942 1944 1943
875 791
876 35 745 900 1947 1939 905 899 1946 1948 30 898 909 897 902 1923 744
877 1949 76 497
878 1926 795 790 1918 786 798 1914 781 1915 912 1951 793 1953 751 1950 1916 1952 796
879 1953
880 1955 1956
881 1922 906 896 908
882 789 788 795 912 797 790 796 784 778 782 1953 911
883 749 909 798 752 783 743 794 1939 1948 741 748 1957 915 32 779 913 29 750
884 795 1934 904 896 1932 751 784 910 793 788 787 915 789 1951 1914
885 1957 1915 741 742 786 1959 1958 1960
886 1964 1961 1963
887 1919
888 885 1105 908 1969 1952 1968 1934 1967 904 1921 902 1966 897 30 1970 906
889 748 1972 897 1971 1936 742 1926 32 1928 781 1914 30 751 795 1973 29 1974 1915 33 1965 793 35 747 1935
890 1977 343 1976 326
891 1979 1649
892 1980 1648
893 1981
894 1983
895 1984
896 1987 1982 1981 1986
897 1233 1449 1448 1239 1453 1451 1244 1452
898 1621
899 1988 1986 1985 1989 1987 637
900 1996 1991 1998 1993 2000 1995 1994 1997
901 2002 1019 2001
902 2003
903 1165 2005 1750
904 1653 2006 1511
905 930 1284 928 729
906 1509 1387
907 303
908 611 1642 392 612 1200
909 1503
910 1494 930 927 1499 708 1284 2007
911 2008
912 2010 2011
913 2015 2012 2014
914 2016
915 2017
916 2018 2012 2014 2020 2019 2022
917 2021 2015
918 2020 2024 2013 2025 2012
919 2014
920 2026 2023
921 2027
922 2025
923 2028
924 2030 2031
925 2028
926 2032
927 2030 2031
928 2037 2034 2036 2035 2038
929 2042 2041 2036 2028
930 2028 2043 2032
931 2037
932 2037 2035 2030 2042
933 2040 2028
934 2030
935 2028 2035 2041
936 2032
937 2028
938 2028
939 2031 2029 2035
940 2028
941 2028
942 2051 2054 1852 2063 1848 2045 1854 2056 2046 2047 2061 2058 2062 2059 2065 2049 2052 2055 2060 2048
943 2066
944 1458 1469 1467
945 16
946 2067 762
947 930
948 2068
949 2075 2072 2070 957 2078 2071 2074 1019 2073
950 708
951 1186
952 1284
953 392
954 304 303
955 2084 2081 2083 2082
956 2090 2087 2089 2088 2091
957 860
958 371
959 2092
960 2093
961 2096 2097
962 2106 2103 2100 2099 2109 2102 2105 2101 2104
963 444
964 430 440 449 464
965 631
966 18 19
967 2110
968 2030
969 2029
970 2111
971 927 302 930 1186 860 1185 306
972 2037
973 1284
974 1372 2122 1673 946 2114 2120 2123 2116 2119 948 2121 2115 2118
975 1643 926 1514 388
976 860
977 1643 1508 928
978 728 303 305
979 930 708 1391 1283
980 1515 1499
981 728 708 729
982 392 306 926 928 307
983 926 1495 1391 611
984 861
985 2124
986 2125
987 1983
988 2016
989 2018
990 2014 2022 2016
991 2027
992 2013
993 2126
994 2019 2012 2018 2023 2128
995 2129
996 335
997 2130 2024 2126 2026
998 2015
999 2131 2023 2127 2019
1000 2132 2130 2016
1001 2020
1002 2027
1003 2017 2027
1004 2022
1005 2133
1006 2134
1007 860
1008 2136
1009 2137
1010 2138
1011 2139
1012 2140
1013 2027
1014 2141
1015 2144 2143 999 1000
1016 2147 2145 2146
1017 2028
1018 78 555 2148
1019 2125
1020 1200 306 1284 1506 307 708 927
1021 759
1022 2149
1023 2009 2087
1024 2151
1025 1532
1026 1532
1027 1532
1028 1532
1029 2159 2154 2161 2156 2163 2158 2157 2160
1030 2164
1031 2016
1032 2027
1033 2013
1034 2126 2020
1035 2127 2019 2015 2018 2014 2013 2012 2128 2024 2021 2016 2023
1036 2017
1037 2024 2017
1038 2024
1039 2027
1040 2027
1041 2165
1042 2014
1043 2171 2169 2167 2170
1044 2027 2016
1045 2167 2171
1046 2018
1047 2013
1048 2016
1049 2019 2023 2017
1050 2018
1051 926
1052 2128 2014
1053 759
1054 2172
1055 1061
1056 2173
1057 2178 2176 2174 2177
1058 2179 2012 2019
1059 2012
1060 2181 2020 2130 2126 2026 2166 2025 2182
1061 2022 2027
1062 2180 2017 2188 2023 2024 2019 2186 2022 2127 2185 2187
1063 2191 2189 2165 2023 2193 2190 2019 2012
1064 2130 2133 2128 2194 2181
1065 2197 2179 2132 2196
1066 2167 2141 2186 2183 2171 2184 2142 2205 2204 2170 2201 2206 2199 2202 2203 2185 2187
1067 2200 2171 2166 2127 2131 2168 2167 2128
1068 2196 2132 2126
1069 2014
1070 2127 2027 2013 2020 2015 2128 2126
1071 2021
1072 2016 2018 2022
1073 51 52 264 53
1074 2209 2082 2010 2079 2208 2087 2211 2086 2011 2083 2081 2009 2089
1075 1619
1076 2215 2212 2214
1077 1924 1930 910 896
1078 2216
1079 306 1186
1080 352
1081 2217
1082 264 52 51 352
1083 264
1084 160 161 156 2222
1085 1663
1086 2224 2225
1087 305 392
1088 930
1089 2226
1090 1697
1091 2229 2228 1062
1092 1642
1093 2192 2191
1094 2013
1095 2192 2193
1096 2130 2185 2126 2198
1097 2231
1098 2015 2128 2131
1099 2027
1100 2024
1101 2013 2015 2233 2027 2197 2014 2021 2195
1102 2018 2012
1103 2015 2023
1104 2012
1105 2016
1106 2023
1107 2027
1108 2166 2165 2142 2171 2168 2234 2012 2127 2235 2022 2169 2018 2180 2016
1109 2012
1110 2015
1111 2027
1112 2024 2022 2017
1113 2012
1114 2017
1115 2236 2243 2238 2240 2239 2242
1116 1532
1117 1062
1118 2244 186
1119 2247 2249 2093 2082 2211 2245 2248 2151 2084 2246 2252 2079 2253 2251 2091 2094 2086 2250 2011 2152
1120 2255
1121 1015 2262 2259 2258 2267 2261 2264 2260 2263
1122 2276 2270 2269 2274 2271 2273 93 2272
1123 2280 2277 2279
1124 2281 2287 2282 2284 2283 2286
1125 2288
1126 2292 2289 2291
1127 803
1128 202 86
1129 2293 946
1130 2297 2294 2296
1131 1517
1132 932
1133 1061
1134 335
1135 2298
1136 2299
1137 1692 2300 318 2301
1138 1459
1139 12 14 27 203 770 58 213
1140 1514 1513 2302
1141 857
1142 2051 2052 2063
1143 2308 2305 2307 2306 2309
1144 2181 2012 2021 2014 2016 2017 2025 2019 2018 2026
1145 2015 2131
1146 2018 2019
1147 2181 2131 2026 2012 2013 2017 2015 2128 2027 2019 2024 2133 2127 2014 2126 2021 2023 2194 2025 2022
1148 2194
1149 2016
1150 2194
1151 2021 2014
1152 2014 2190 2202 2165 2196 2167 2183 2193 2195 2310 2141 2021
1153 2018 2017 2021 2024
1154 2025 2014 2015 2013 2026 2024 2021
1155 2194 2019 2018
1156 2133
1157 2027
1158 2019 2023 2012 2021
1159 2017
1160 2015 2014 2127 2128
1161 2127 2014 2027 2128
1162 2126 2127 2131 2128
1163 2023 2126 2020 2012 2019 2021
1164 2311
1165 441 298 576 460 575 463 435 444 442 459 457
1166 440 1357 465 1352 2313 462 1359
1167 2315 2324 2327 2326 2323 1207 2321 2328 2316 1364 2319 2322 2325 2318
1168 2329
1169 2330
1170 2331 2337 2066 2334 2333 2336
1171 2022
1172 2017 2016 2027 2018
1173 2016
1174 2014 2021
1175 2338
1176 2342 2340 489
1177 2348 2345 2347 2346
1178 2349
1179 2350
1180 2351
1181 1552 1229
1182 2352
1183 2354
1184 2356
1185 2373 2364 2358 2082 2367 2360 2365 2093 2371 2211 2359 2209 2010 2370 2009 2207 2208 2369 2362 2094 2366 2080 2368 2361
1186 2094 2010 2093 2208
1187 2374 2151
1188 2375
1189 2377
1190 2378
1191 2379
1192 2393 2385 2388 2382 2381 2394 2384 2387 2390 2392 2383 2386
1193 2378
1194 2032 2030
1195 2395 2401 2378 2398 2397 2400
1196 2378
1197 2402 2406 2403 2397 2404 2398
1198 2409 2407 2402
1199 2378
1200 2028 2410 2031 2029
1201 2411
1202 2412
1203 2035 2414
1204 2415
1205 2419 2416 2418
1206 2420
1207 2421
1208 2423 2393 2425 2386 2383 2388 2422 2424
1209 2430 2427 2429 2428 2400
1210 2414 2379 2420 2400
1211 2414
1212 2420
1213 2431
1214 2034
1215 2436 2434 2432 2435
1216 2437
1217 2208 2009
1218 2444 2441 2443 2442 2445
1219 1699 2446 2448
1220 2452 2449 2451
1221 2456 2330 2453 2455
1222 2457
1223 2459 2453 2451 2450 2452
1224 2460
1225 2461
1226 2462
1227 2464 550 2463
1228 2465
1229 1460 1306 1464 1458 1462 1472 1463 1239 1469 1468 1466 1461 1465 1471 1459
1230 997 519 551 553
1231 2471 2468 2470 2469 2472
1232 2473
1233 1455 1464 1467 1461
1234 2474
1235 1445
1236 2476 2477
1237 2483 2480 2482 2481
1238 475
1239 2484
1240 1292 1291 1297 1300 1298
1241 2490 2487 2489 2488 2491
1242 2111
1243 2497 2492 2500 2494 2496 2495 2498
1244 2506 2503 2505 2504
1245 861 1185 860 1186
1246 1196
1247 2507
1248 1197
1249 2521 2519 2516 2517 2510 2523 2512 2515 2518 2520 2511 2514
1250 331 328
1251 2524
1252 855 1349 1479 1343 1345
1253 1424
1254 2528
1255 2529
1256 825 2543 2536 2531 2532 532 2537 2542 2541 826 2534 2544 531 2535 2539 533 2533
1257 1303 1454 1469 1237 493 1231 1462 1457 1229
1258 1240
1259 1235
1260 1469 1244 1305 1307 1239 1241 1453 1468 1470 1448 1462 1472 1467 1463 1300 1456 1460 1465 1464 1471
1261 2545
1262 2547
1263 2547
1264 2547
1265 550 2550
1266 2551
1267 2552
1268 2547
1269 2547
1270 2554 2555
1271 2549 550
1272 2557 2558
1273 2556 2550 2464 2557 2546 2559
1274 2560
1275 2548
1276 2546 2549 2556 550
1277 2551
1278 2547
1279 2547
1280 2548 2564 2563 2567 2566 2557 2565 2550
1281 2564 2548 2562 2550
1282 2547
1283 2546
1284 2559
1285 550 2464 2568
1286 2568 2569 2564
1287 2547 2571
1288 2546
1289 1678 1018 2574 1019 956
1290 729
1291 1237 1472 1296 1232 1298 1240 1424 1291 495 1448 1450 1306 1423 1245 1235 1451 1242 1464 1234 1308 1231 493 1468 494 1471 1230 1300 1293 1292 1294 1233 1455 1552 1238 1299 1461 1239 1301 1453
1292 1037
1293 519
1294 2578 324 326 321 335 2577 2579
1295 503 15 13 169 2581 36 2580 504
1296 761 509 2583 90
1297 2584
1298 2423 2430
1299 2378
1300 2037
1301 2379
1302 2378 2414
1303 2031
1304 2417 2397 2419
1305 2400
1306 2381
1307 2410 2584
1308 2589 2417 2399 2431 2416
1309 2592 2395 2591 2590 2401
1310 2037
1311 2584
1312 2041
1313 2030 2029
1314 2378
1315 2406 2408 2430 2423 2593 2413 2409
1316 2428
1317 2378
1318 2594
1319 2590
1320 2420
1321 2028
1322 2418 2421 2592 2594
1323 2431
1324 2378
1325 2407 2595 2388
1326 2384 2385 2596 2389 2390 2381 2394
1327 2602 2599 2601 2600 2603
1328 2612 2609 2606 2605 2616 2608 2611 2614 2607 2610
1329 1372
1330 2617
1331 2618
1332 2624 2622 2620 2623
1333 857
1334 2031 2586 2420 2410
1335 2410 2379 2431 2587 2414
1336 2431 2594
1337 2029
1338 2593 2040 2043 2032 2424 2030 2041 2585 2594 2042
1339 2417 2384 2380
1340 2038 2028 2030
1341 2396
1342 2421
1343 2429 2032
1344 2028
1345 2594
1346 2411 2414
1347 2414 2584
1348 2626
1349 2391
1350 2031 2042 2030 2029
1351 2584
1352 2413 2412
1353 2028
1354 2390
1355 2397 2401 2592 2398
1356 2397 2625 2400 2395 2379 2380 2391 2407 2399 2398 2409 2589
1357 2431 2031 2029 2400
1358 2400 2421 2594
1359 2040
1360 2430
1361 2410 2032 2420 2028
1362 2396
1363 2392 2425 2595 2422
1364 2378
1365 2036 2034
1366 2029 2378 2586 2420
1367 2030
1368 2399 2397 2035 2400
1369 2421 2416 2396 2594 2591 2419
1370 2419 2416 2032 2035 2426
1371 2032 2028
1372 2039 2424 2042 2040 2043 2038 2391 2037 2036 2383 2393 2589 2426 2034 2028
1373 2584
1374 2411 2383 2390
1375 2032
1376 2028
1377 2421 2429 2401 2592 2627 2431 2398 2594 2587 2417 2427 2387 2396 2392 2379
1378 2042
1379 2629
1380 2584 2402 2403 2589 2588 2411 2410 2407 2590 2596 2396 2595 2422 2409 2412 2625
1381 2631 2418 2386 2630 2383 2594 2388 2421
1382 2632
1383 1538 1539 2637 2415 1534 2641 2635 2355 2639 2634 2636
1384 2642
1385 2644 2645
1386 2643
1387 2644
1388 2646
1389 2650 2647 2649
1390 2111
1391 2111
1392 2651
1393 2652
1394 2651
1395 2651
1396 2653 2654
1397 2658 2655 2657
1398 1240
1399 959 2660 2661 952
1400 775 2144 852 1894 2662 2143 998 776
1401 2666 2663 2665
1402 2667
1403 1622
1404 1535
1405 2658
1406 2668
1407 1442
1408 2667
1409 2669
1410 2670
1411 2677 2639 2636 2678 2671 2675 2635 2672 2674 2676 1534 2633 2641
1412 2680
1413 2681
1414 2683
1415 2684
1416 2685
1417 2687 2688
1418 1185
1419 305
1420 2677 2689 2672
1421 929
1422 2690 2362 2366
1423 306 1186 303 392
1424 2692 2693
1425 2694
1426 2695
1427 2697 2698
1428 2699
1429 2695
1430 2280 2700 2277
1431 2701
1432 2474 2702 2704
1433 2705
1434 2702
1435 2706
1436 1706
1437 1446
1438 1061
1439 1460 1463
1440 371
1441 1294 1300 1458 1297 1302 1298 1467 1301
1442 2280
1443 2710 2708 2709 2700 2711
1444 685
1445 2712 2713
1446 2701 2715 2279 2277
1447 2706
1448 2280
1449 2716
1450 2708
1451 2278 2713 2719 2718 2722 2703 2279 2721 2712 2705
1452 324 332
1453 2723
1454 2723
1455 2723
1456 2723
1457 2726 2724 2725
1458 2723
1459 2723
1460 2723
1461 2723
1462 2728 2727 2724 2726
1463 2731 2729 2730
1464 2723
1465 2725 2724 2726 2723
1466 2723
1467 2723
1468 326 2733 324
1469 2734
1470 2706
1471 2710 2735 2737 2736
1472 2712
1473 2723
1474 2723
1475 2739 2740
1476 2741
1477 2746 2744 2741 2745
1478 1743
1479 2748 2749
1480 0
1481 2713
1482 2702
1483 2712
1484 2750 2755 2751 2752 2712 2754
1485 2704 2474 2703
1486 2706
1487 2720 2280 2278 2712
1488 2280 2712 2277 2279
1489 2722 2718 2714 2705 2721
1490 2720 2714 2718 2722 2756 2719
1491 1285
1492 2474 2704
1493 2278 2702 2712 2701
1494 2704 2703
1495 2735 2758 2737 2751 2708 2750 2752 2760 2755 2753 2710 2711 2759 2709
1496 2761
1497 2763 1639
1498 2776 2769 2772 2766 2765 2777 2768 2771 2774 2767 2770
1499 326 332 2779 2778 330 2733 321 324 835 346 348 335
1500 2780
1501 2782 2783
1502 2780
1503 2784
1504 2785 2786
1505 2795 2741 2792 2789 2788 2696 2791 2746 2794 2784 2790 2742
1506 2782 2796 2785 2741
1507 2742
1508 2695
1509 2254
1510 1536
1511 2807 2799 2798 2805 2801 2804 2800 2803
1512 2808
1513 2819 2812 2811 2817 2814 2816 2813 2815
1514 2820
1515 59
1516 2822 2823
1517 2827 2824 2826
1518 2829 1535
1519 429
1520 727
1521 85 81
1522 1517
1523 2830
1524 131
1525 2832
1526 2834 2835
1527 2066
1528 2793 2836 2696 2837 2838
1529 2837
1530 2790 2839 2795 2836 2699 2786
1531 2840 2695
1532 1479
1533 2023 2027 2016 2022 2014 2012 2018
1534 2021 2014 2023 2022 2027 2012 2018
1535 2024 2021 2017 2014 2025 2018 2019 2016 2013 2027 2022
1536 2841
1537 2016 2018 2027
1538 2027
1539 2166 2022
1540 2844 2845
1541 2847 2848
1542 2843
1543 727 2733 323 2779 320 2778
1544 2851 2852
1545 2845 2844 2848
1546 2856 2854 2855
1547 2849 2857
1548 2848 2855
1549 2847 2860 2862 2861
1550 2848 2863 2861 2864 2845 2865 2854
1551 131
1552 2866
1553 2854 2848
1554 130
1555 2848
1556 2857 2846 2848 2858
1557 327 323
1558 1495 928 925 2007 930 1504 302 861 392
1559 930
1560 2869 527 2135
1561 2870
1562 2871
1563 2872
1564 2873
1565 2738
1566 2882 2879 2876 2875 2885 2878 2881 2877 2880
1567 2886
1568 2887
1569 2887
1570 2888 2889
1571 2892 2890 1328 2891
1572 2893
1573 2895
1574 2890
1575 335 835
1576 326
1577 2359
1578 2896
1579 2898 2899
1580 1526 2901 2145 2147
1581 1296 1470 1244 1233 1449 1450
1582 1482
1583 475
1584 2902
1585 2902
1586 2902
1587 2903
1588 2902
1589 2902
1590 2904
1591 557 2906 558 556 2908 2904 2907 1329
1592 737 2909 2910
1593 2928 2933 2922 2924 2926 2912 2915 2916 2913 2927 2934 2914 2937 2935 2929 2938 2931 2918 2921 2925 2930 2917
1594 2720
1595 2712
1596 2720
1597 2711
1598 2712 2713
1599 2706
1600 2280 2279
1601 2702 2704 2706
1602 2279 2715
1603 1330 594
1604 2780 2940 2939 2840
1605 2944 2942 2698 2943
1606 2945
1607 2146
1608 1021
1609 307 1494 927 1517
1610 2947
1611 2948
1612 392 302 303 305
1613 1527 1526 1529
1614 371
1615 1552 1237 1243 1242 1230 1455 1231 1238 1241 1467 1464 1229 1232 1461 1236
1616 1462 1459 1466 1463 1464 1457 1303 1458 1460 1467 494 1308 493 1465 1461 1296
1617 1235 1242
1618 1291 1472 1296 1236 1467 1469 1294 1456 1302 1450 1239 1298 494 1300 1304 1228 1301 1458 1448 1471 1453 1238 1470 1461
1619 1453 1452 495 1302 1306 1465 1450 1448 494 1304 1423 1233 1244 1459 493 1457 1463 1307
1620 14
1621 1237 1232 1300 1291
1622 1460 1456 1304 1300 1467 1469 1306 494 1244 1291 1301 1462 1458 1464 493 1293 1298 1465 1457 1461 1307 1308 1305 1453 1459 1292 1297
1623 2952 2812 2810 2951
1624 2953
1625 1449 1452 1448 1453 1423 1233 1450
1626 16 20
1627 525
1628 2005
1629 759
1630 758 2955 759 2956
1631 2965 2962 2959 2958 2968 2961 2964 2967 2960 2963
1632 2975 2970 2969 2255 2972 2974 2971 2657
1633 2977 2978
1634 2658
1635 2979
1636 2976 2981
1637 2256 2255 2982 2986 2981 2985 2983 2977
1638 2658
1639 1427 2987 2992 2989 1425 2971 2990 2991
1640 2978 2993 2980 2976
1641 2255 2657 2974 2977
1642 2655
1643 2987 2989
1644 2995
1645 2997 2971 2975 2974
1646 3004 1428 3002 1427 2999 2982 1426 3000 2979 3003 2985 2988 2986
1647 3005 2970 2992
1648 3007 2974 2977 2997
1649 2994 3009 2982 2979
1650 2255
1651 3010 3005 3012 2983 2984 2985
1652 2986 2985 2977
1653 3018 3015 3017 3016 3019
1654 3020
1655 3022 3023
1656 586 587
1657 1665
1658 1457 1459 1463 1460
1659 1238 1242 1296 1228 1299 1235 1230
1660 1293 1294 493 1307 1460 1463 1299 494 495 1462 1295 1448 1449 1305 1457 1240 1298 1297 1291 1300
1661 2745 2786 2781 2699
1662 2794
1663 2696
1664 1303 1465 1298 1307 493 1463 1462 1244 1455 1306 1424 1423 1461 1452 1308 1457 1460 495 1552 1305
1665 3024
1666 926
1667 3025
1668 2894
1669 738 756 599 595
1670 3027 3028
1671 3029
1672 2370 2365 2359 2372 3031
1673 708
1674 3037 3034 3036 3035 3038
1675 3039
1676 917
1677 302
1678 3041
1679 3042
1680 3048 3043 3050 3045 3052 3047 3046 3049
1681 3053
1682 3063 3066 3061 3065 3046 3051 3068 3058 3060 3062 3064 3057 3053
1683 1743
1684 3064 3059 3069 3060 3063
1685 3071 3072
1686 3073 3077 3043 3076 3075 3068
1687 3065 3070 3071 3069
1688 3071 3054 3070
1689 3054 3072 3071
1690 3065 3068 3069 3063
1691 3065 3058 3068 3062
1692 3072 3061 3058 3063 3064 3059 3054 3046 3051
1693 3063 3060 3065 3068
1694 3054 3064 3053
1695 3060 3069
1696 3079
1697 3061 3064
1698 3063
1699 3085 3082 3076 3047 3086 3077 3084 3081 3083
1700 3063 3053 3051 3046 3058 3054 3059 3061 3064 3060 3070
1701 3055 3066
1702 3061
1703 3051 3072 3069 3046 3054 3053 3059 3060
1704 3045 3075
1705 3064 3054
1706 3067 3076 3064
1707 3059 3063
1708 3070 3053 3072 3071 3064 3063 3046 3061 3068 3065 3066 3069 3060 3055 3059
1709 3074 3057 3055 3076
1710 3061 3045 3071 3053 3072 3054 3070 3051
1711 3095 375 3093 389 3088 1658 1659 3089 1378 3098 390 1379 1376 3096 376 3097 379 3092 378 377 3090
1712 3104 3101 3103 3102
1713 2723 2726
1714 2728
1715 2723
1716 2723
1717 2730
1718 2723
1719 2723
1720 2723
1721 2726
1722 3106
1723 2723
1724 3107
1725 2723
1726 2726
1727 835 2778 335 320 2779
1728 2713
1729 2713
1730 2720 2718 2722 2721 2719 2705 2715 2714
1731 2702 2703
1732 2704
1733 2278
1734 2704 2703
1735 2722 2715 2719 2280 2720 2756 2700 2705 2718 2721
1736 2348 3108 3110
1737 3111
1738 3045 3050 3044 3074 3119 3117 3113 3049 3120 3077 3052 3115 3116 3062 3047 3114
1739 3054
1740 3058
1741 3082 3074 3112 3056 3078 3049 3120 3062
1742 3121
1743 3062 3073 3120 3048 3059 3077 3046 3082 3054 3064 3058 3057 3083 3060 3051 3086 3084 3067 3085 3078 3117 3072 3076 3122 3069 3050 3080 3047 3081
1744 3066 3055 3065
1745 3043 3113
1746 3053 3124 3085 3123 3077 3083 3075 3064 3043 3074
1747 1494 1509 380 1653 1200
1748 3130 944 2954 3129 3128 60 3127 3042
1749 3131
1750 3132
1751 2795 3133 2785 2784
1752 2745 2839
1753 2796
1754 728 708 306 304 303 305 729
1755 3134 3135
1756 527
1757 1186
1758 3139 3137 549
1759 2563 2566 3148 3147 2548 2565 3145 2557 3141 3146 3143 2564 2558 2562
1760 2563
1761 1424
1762 2839
1763 2785
1764 3149
1765 2093
1766 3151 3152
1767 1491 1512 378
1768 3157 3153 2995 2999 3156 3155 3158
1769 3156
1770 3001 2998 2999 1427 2979 1425 2988 2994
1771 2657
1772 2655 2969
1773 3160
1774 3161
1775 2152
1776 2700 2720
1777 2706 2712 2280 2701
1778 2700 2750 2277 2715
1779 2707
1780 2713
1781 2713 2702 2703
1782 2700
1783 2753 2736 2735 2737
1784 2707
1785 2839 2786
1786 2742 2794 2787 2783
1787 2787
1788 3162
1789 775 3164
1790 2761
1791 3166 2761
1792 2761
1793 1464 1468 1459 1467 1466 1456 1465 1455 1469
1794 1300 1424 1455 493 1456 1465 1307 1303 1464 495 1458 1459 3167 1466 1305 1469
1795 1461 1471 1468 1464 1470 1472 1448 1453
1796 1469 1468 1460 1466 1463 1465 1457 1458
1797 708
1798 1643 1389
1799 553
1800 2719 2721 2711 2705
1801 2754 2755 2280 2711 2750
1802 2278
1803 2700 2278 2718 2720
1804 2735 2708
1805 2702
1806 2280 2277 2278
1807 2704
1808 2715
1809 2755 2710 2711
1810 475 3168
1811 306
1812 3169
1813 857
1814 3170
1815 3173 3174
1816 3174 3175 3171
1817 3176
1818 3180 3171 3177 3179
1819 3171
1820 3171
1821 3049
1822 2428
1823 855 1343 1349
1824 3108 3181 3183
1825 3184
1826 3186
1827 3188 623 759 3191 3190 637
1828 3198 3195 3197 3196
1829 2579 2576 727 323 835 320 2578 342
1830 3200 3201
1831 3202
1832 2821
1833 3203
1834 3204
1835 2821
1836 2720 2700 2715 2279
1837 2735 2736 2737
1838 2736
1839 2713 2280 2701
1840 2755 2709
1841 2474 2737 2752 2719 2735 2755 2751 2750
1842 2721 2705
1843 2715 2719 2721
1844 3205
1845 2578
1846 3208 3209
1847 2821
1848 2657 2655
1849 3210
1850 3211
1851 3212
1852 1793
1853 2721 2280
1854 2700 2715 2474 2704
1855 2759
1856 2706
1857 2715
1858 2712
1859 2706
1860 2756 2713 2718 2705 2721 2722
1861 3224 3218 3221 3215 3214 3225 3217 3220 2829 3216 3219
1862 861
1863 3229 3226 3228
1864 1743
1865 3230
1866 328
1867 727 835
1868 324 3231 2473 332
1869 338 2578 345 324
1870 3235 3234 3232 2882
1871 3236
1872 2349
1873 2093 3238
1874 3243 3240 3242 3241
1875 2844
1876 328
1877 2844 2855 2848
1878 321 328
1879 2849 2850
1880 2851 2858 2868 2862 2848
1881 2860
1882 2860 2865 2855 2864
1883 2111
1884 2335 2334 3247 3246 3248
1885 3252 3249 3251
1886 160 164
1887 2978 3253 2977 2976 2993
1888 2658
1889 3254
1890 1389
1891 3256
1892 3257 3156 1427 1425 2978 2988 3004 2990
1893 3258
1894 3259 3265 3260 3262 3261 3264
1895 3266
1896 3261
1897 3261
1898 3265 3267 3260
1899 2952 2810 2312 2311
1900 3268
1901 2950 130 3268 3271 131 2812 2814
1902 303
1903 860
1904 1284
1905 860 729
1906 302 860
1907 927
1908 928 927 1389 1375
1909 729 930
1910 729 1389 930 1284
1911 1510
1912 3272 3273
1913 2208
1914 376
1915 302
1916 1380
1917 2067
1918 1185
1919 930 708 927 1284
1920 2929
1921 3275
1922 155
1923 893 3277 3279 3278 3280
1924 3286 3281 3289 3283 3285 3284 3287
1925 3290
1926 3291
1927 3291
1928 3304 3306 3301 3290 3295 3302 3308 3297 3300 3303 3305 3296 3299
1929 3313 3295 3294 3306 3304 3311 3312 3310 3291
1930 3299
1931 3313 3291 3299
1932 3319 3316 3318 3317 3320
1933 2895
1934 2895
1935 3323 3039 3322
1936 3324
1937 893
1938 1284 860
1939 3325 3330 3326 3328 3327 1371
1940 2972 2970 3006 3007
1941 2656 2658 2969
1942 1784 1782 1779 1783 1792 1786 1788 1787
1943 3331 3332
1944 2723
1945 2723
1946 2723
1947 2723
1948 2723
1949 2723
1950 2219
1951 164 155 263 156 159
1952 3333
1953 377
1954 304
1955 1284 1517 2007 1391
1956 1389
1957 376 3335 375 3098
1958 1389
1959 1499 612
1960 1389
1961 377
1962 3341 3339 2955 3340
1963 729
1964 306 303
1965 3343 855 3342
1966 352 349 268
1967 3344
1968 51 354 53 264 52 352 156
1969 1376 3098 3348 3346 1622 3347 1092 3087
1970 164
1971 52 2947 274 264 51 159
1972 159 349 164 161
1973 3349 354
1974 155 49 162
1975 50 271 354
1976 262
1977 159 156 164
1978 349 3350 269 352 2172 163 2219 270
1979 266 349 350
1980 160
1981 49 166 157
1982 158
1983 50 166 3351 164 160 159 156
1984 155
1985 2093
1986 160
1987 2361 2363 2360 2372 2365 2358 3030 2370
1988 3352
1989 2009 2010 2208 2093
1990 349
1991 3354
1992 3355
1993 3361 1983 3363 3358 3365 3360 3359 3362
1994 3292
1995 3366
1996 3171
1997 2981 2978
1998 994 825 826 383 382
1999 2248 2152 2251 2245 2151 2252 2247 2246
2000 2869 804
2001 2831 3369 2867 2950 3370
2002 3374 3371 3373
2003 307 2007 1283
2004 708 1284 1642 611
2005 860
2006 1503 1494 708 729
2007 825 826 551
2008 306
2009 612 611
2010 392 3375 1391 1390 1186 305 1284 728 302 306 1501 930 304 1643 1512 388 729
2011 3379 3377 888 3378
2012 475
2013 3384 3382 3380 3383
2014 3385
2015 547
2016 476 3387 481
2017 3389
2018 2211 2254
2019 2093
2020 3392 3390 3391 2996
2021 3396 3393 3395 3394
2022 3397
2023 3398
2024 3400
2025 3401
2026 2861 874 2864 2862
2027 2972
2028 3403 3404
2029 2992 2656
2030 3405
2031 825 1511 1643 860
2032 3333 3407 615
2033 3413 3411 3412 2896
2034 3414
2035 2603
2036 826
2037 3210
2038 3423 3420 3426 3418 3433 3431 3428 3417 3424 3434 3419 3427 3422 3425 3429 3421
2039 1489
2040 2256
2041 994 382
2042 1391 861 392 1185
2043 3436
2044 1349 185
2045 3444 3442 144 3440 3450 3449 861 3439 3445 3451 3441 3447 3443 3446 3448 1962
2046 305
2047 2265 3453
2048 1806 3454 3455
2049 2506
2050 3456
2051 1990
2052 2658
2053 3457
2054 3458
2055 1284
2056 927 304 925 392 1504 926
2057 1642
2058 3459
2059 3460
2060 3461 3462
2061 3219 3213 3221 3214
2062 3464
2063 2210 2083
2064 708 928 306 303 925 729
2065 2453
2066 525
2067 3467
2068 3469 1277 1263
2069 2547
2070 1371
2071 263
2072 3470
2073 3474 3472 3471 3473
2074 3475
2075 185
2076 3477
2077 3481 3479 3478 3480
2078 3486 3484 3482 3485
2079 3480
2080 3492 3485 3487 3490 3482 3489 3483 3488
2081 3459
2082 3494 3481 3493 3477 3480
2083 3498 3497 3495 3490
2084 1186
2085 928
2086 1507 928 307 3334 925 927 1389
2087 3291
2088 3499
2089 3500
2090 3454 1745 3502
2091 1661
2092 3511 3505 3504 3509 3506 3508 895 3507
2093 3512
2094 392
2095 3517 2673 2676 1534 2355 2415 3513 3514 3516 2679 2636
2096 3518
2097 1186
2098 3011 2985 2986 2984 2992
2099 2256
2100 2298
2101 3522 2450 3526 2454 2449 2455 2452 2451 3530 3521 3524 3532 3523 3525 3528 3531 2458
2102 3537 3535 3533 3536
2103 3335
2104 3394
2105 2978 3009
2106 3390 2996 3392 3538 2993 3253
2107 2256
2108 3540
2109 2818
2110 3542
2111 3552 3549 3546 3545 3555 3548 3551 3547 3550
2112 2563
2113 3556
2114 2545 2558
2115 2547
2116 2568
2117 2464 2547
2118 379
2119 1517
2120 2894
2121 3139
2122 3558
2123 2752 2700 2750 2712 2756 2722
2124 2704 2706
2125 2706
2126 2720 2700 2714 2715
2127 2706
2128 3561
2129 69 76 73
2130 461 463 460 576 457 434 459
2131 1751
2132 302 1186 392 1185 860
2133 860 1185 861
2134 925
2135 1284
2136 3069 3055 3066 3046 3068 3059 3057 3065
2137 3563
2138 3053 3061 3064
2139 3077 3049 3062 3052 3067
2140 3077 3085 3071
2141 3057
2142 3059 3063
2143 3068 3065 3055 3066
2144 3078 3056 3062
2145 3078 3043 3045
2146 3057
2147 3056
2148 3043
2149 3116 3048 3044 3049
2150 3085 3075 3083 3077 3045 3074
2151 3063 3060 3066 3069
2152 3045
2153 3113 3568 3114 3566 3116 3119
2154 3563 3079 3573 3050 3570 3078 3120 3572 3117 3062 3112 3124
2155 3387
2156 3118 3574 3576
2157 547
2158 3066 3117 3055 3065
2159 392 1185 1186
2160 3581 2529 3580 3579
2161 1284
2162 3387
2163 3582
2164 708
2165 925
2166 305
2167 2291
2168 3122 3055 3066 3057 3116 3059 3119
2169 3583 3114 3044 3052 3047 3116 3574 3049
2170 3584 3585
2171 131
2172 1391
2173 3514 2633 3591 3587 3589 3588 3590
2174 3592
2175 3596 3593 3595
2176 3597
2177 2452 3599
2178 2548
2179 2032 2040 2031 2028 2029
2180 2032 2041
2181 2035
2182 2028
2183 2032
2184 2028
2185 2040 2043 2041 2038
2186 2032
2187 2032
2188 2028
2189 2028
2190 2030
2191 2029 2030 2031
2192 2028
2193 2028
2194 3454
2195 1494
2196 3335 3098
2197 305 304
2198 3601 3602
2199 3603
2200 1534
2201 163
2202 262
2203 167 3350 263 50 3351
2204 2217 3350 52 354 270 50 264 2218
2205 52 50 2172 270
2206 263 51 264 155 52
2207 159
2208 161 52 354 156
2209 352
2210 2947
2211 3604
2212 3605
2213 580 3608 586 587
2214 305
2215 926 928 307 925
2216 1389
2217 3612 3611 488 222
2218 728 925 1504 306 303 1391 1284 926 708 392 304 1185 2007 861 305 1186
2219 392 729
2220 3098
2221 547
2222 3613
2223 928 1516 1494 392 1622 3087 3098 1499
2224 708 930 1283 1284 925 1391
2225 860
2226 502
2227 3614
2228 3616 3617
2229 3618
2230 3633 3625 3628 3622 3621 3634 3624 3627 3630 3632 3623 3626
2231 3642 684 3637 3636 673 3639 3641 3638 3640
2232 2980
2233 3063 3046 3060 3059
2234 3646 3647
2235 927 2007 1508 1504 307
2236 3648
2237 1889 1890
2238 1889 3651
2239 3654 3652 3653
2240 3654
2241 3278
2242 3651 3277
2243 893
2244 3653
2245 3280
2246 3650
2247 3652 3655 3651
2248 3653 3654 3650 3652
2249 3279 3656 1892 3654
2250 3657 3652 3655 3654
2251 3652 1891 3657
2252 3653
2253 3654 3653 3276 1889
2254 3652 1891 3655 3654
2255 3279 3280 3651
2256 3658 3652
2257 3653
2258 860
2259 925
2260 930 1643 388 2007 729 925 1391
2261 3347 1517 1186 1499 930 1389 3087 927 1200
2262 3280
2263 3661 3656 3660
2264 1653
2265 1891 3652
2266 3658 3652 3662 3276 1891 3659 3661 893 3660
2267 3653
2268 3661 893 3660 1891
2269 3654 1889 1890
2270 1889
2271 1891 3653 3654
2272 3658 3276 3661 893 3280 3652 3662
2273 3649 3660 3654
2274 1775
2275 3663
2276 3664
2277 3670 3668 3669 2727
2278 3699 3675 3332 2726 3680 3692 3694 3677 2728 3688 3671 3106 3674 3678 2731 3690 3685 2727 3691 3696 3672 3695 3687 3693 2732 3686 3683 3684 3676 3681 3666 3698
2279 3691 3699 3681 2726 3678 3688 2728 3679 3683 3697 2724 3675 3690
2280 2723
2281 3671 3691 3667 3669 2729 3332 3666 3693 3670 2727 3699 2723 3694 2728 3681 3678
2282 3698 3667 2727 3692 3332 3670 3703 3684 3702 3668 3675 3707 2726 3669 3673 3693 3687 3680 3674 3685 3666 3671 3681 3696 3691 3699 3331 2724 3683 3705 3704 3106 3678 3672 3700 3682 3695 2731
2283 3708
2284 58 89
2285 169
2286 307 928 1492 1391
2287 1643
2288 3709
2289 1427
2290 936
2291 860
2292 392
2293 505
2294 3711
2295 3660
2296 2723
2297 2441 2442 1731
2298 322 319 1037 343 320 323 727
2299 3713
2300 3715 2894
2301 708
2302 2891 604 592
2303 2726 3666 2732
2304 2723
2305 3672
2306 3106 2723
2307 3716
2308 3729 3727 3716 3725 3719 3731 3721 3724 3726 3728 3720 3723
2309 3732 3738 3734 3731 3735 3737
2310 3727 3737 3740 3729 3741
2311 3719
2312 3733 3742 3734 3743 3744 3741 3727
2313 3731 3729 3718 3739 3743 3737
2314 3738 3737 3743 3719
2315 2280
2316 2703 2713
2317 2713 2720 2714 2712
2318 2722 2474 2705 2721 2706
2319 2278 2721
2320 2277
2321 2280 2277 2701
2322 2278
2323 2750
2324 3722 3738 3741
2325 3744 3739 3737 3718 3738
2326 2755 2754
2327 2706
2328 3746
2329 303
2330 1984 3748 3750
2331 1426 3000 1425 3159 1427
2332 3752 3753
2333 3754
2334 3756 3757
2335 461 435 456 457
2336 295 296 445 452 449 461 298 455 293 464 451 446 434 294
2337 434 443 3760 297 437 301 430 3758 442 298 453 460 451 433 3759 452 445 295
2338 298 441 434 300 433
2339 449 437 455 299 441 462 464
2340 455 449 434 431
2341 434
2342 355
2343 307 1389
2344 3763 3764
2345 916 3765
2346 3766 525
2347 3323 3039 3321 3767
2348 3768
2349 3769
2350 3153 3771 3390 2658 3003 3392 1427 3002
2351 2563
2352 3773
2353 3096
2354 3774
2355 2996
2356 2980 2974 2658 2997
2357 2970 3257 2975 3156 2973 2981 2988
2358 3775
2359 3778 3776 610
2360 3779 3786 3781 3783 3782 3785
2361 140 3787 3789
2362 2757 2705 2735 2721 2760
2363 2700
2364 2278
2365 2736
2366 2710 2705 2720 2718 2721 2756 2714
2367 2751 2711 2715 2757 2700 2756 2719 2705 2721 2737 2754 2753 2759 2720 2760 2708 2752 2755 2735 2722 2758
2368 2279
2369 2721
2370 2712
2371 548
2372 122
2373 3793 3790 3792
2374 3794 637
2375 525 3795 874
2376 302 861 304 860 392
2377 3797
2378 2823
2379 3798
2380 3799
2381 888
2382 3801
2383 2512 2517 2515 2519
2384 3814 3807 3810 3804 3803 3815 3806 3809 3812 3805 3808
2385 3816
2386 3827 3819 3818 3825 3821 3824 3820 3823
2387 3828 3835 3830 3832 3831 3834
2388 3836
2389 2255 2256 2657
2390 3838
2391 2804
2392 3485 3489 3495 3839
2393 3479 3480
2394 3459
2395 3840
2396 3480
2397 3492 3488
2398 3845 3843 3841 3844
2399 3847 3841 3845
2400 3477
2401 3484
2402 3842 3843 3848
2403 350 349 163 354
2404 429
2405 3850 3851
2406 3852 3853
2407 302
2408 817 3855
2409 3856
2410 3857
2411 82
2412 3860 3861
2413 3873 3867 3870 3864 3863 3874 3866 3869 3872 3865 3868
2414 1436 1438 371 1937
2415 3875
2416 527
2417 3876
2418 1020 1436 1937
2419 3882 3877 3884 3879 3886 3881 3880 3883
2420 547
2421 3887
2422 3900 3903 3897 3902 3891 3898 3905 3893 3896 3899 3901 3892 3895
2423 547
2424 3919 3917 3914 3915 3908 3921 3910 3913 3916 3918 3909 3912
2425 1508
2426 1479 186
2427 3470 3927 3922 3924 3923 3926
2428 3854
2429 3929
2430 3935 3932 3934 3933 3936
2431 3940 3937 3939
2432 3197
2433 304 392 305
2434 2484
2435 3942 3943
2436 3944
2437 3582
2438 1285
2439 3945
2440 3947
2441 3949
2442 3129
2443 3951
2444 3956 3952 3958 3954 3960 3955 3951 3957
2445 3961
2446 3962
2447 371 3964 686 685
2448 3966 919
2449 3967
2450 3968
2451 865 1794 867 671 866 3976 3979 3972 3975 3977 3978 3971 3974
2452 3984 3990 3982 3996 3130 3992 3981 3988 3998 3983 3991 3986 3989 3993 3997 3985
2453 1186
2454 3999
2455 4000
2456 2993 2969 2657
2457 186 4003 4001 1479
2458 4004
2459 4005
2460 4006
2461 4007
2462 4021 4019 4016 4017 4010 4023 4012 4015 4018 4020 4011 4014
2463 3713
2464 4033 4036 4025 4044 4029 4026 4035 4038 4027 4028 1629 4040 4043 4045 4031 4034 4037 4042 4030
2465 1276 4047
2466 4048
2467 2378
2468 2586 2420
2469 2379 2378 2584 2420 2586 2414
2470 2420 2378
2471 2426 2593 2424
2472 2379 2584 2378 2586 2420 2590 2410
2473 2420
2474 2378
2475 2586 2590 2410
2476 2378
2477 2420 2410
2478 2586
2479 2586 2420 2410
2480 2593
2481 2586 2420
2482 2378
2483 2378
2484 2584
2485 2378
2486 2378 2586
2487 2411 2414 2378 2586 2379 2410 2590
2488 2410
2489 2393 2388 2410 2584 2590 2586 2411
2490 2410
2491 2586
2492 4055 4052 4054 4053
2493 4056
2494 950 2112 948
2495 4057
2496 2420 2410
2497 2410 2378
2498 156 274 160 354 161
2499 4058
2500 2673 2635 306 305 302 303
2501 2163 4059 2154 4060 4061 2162 4062
2502 4064
2503 185
2504 2410
2505 4066
2506 2679
2507 2828
2508 4067
2509 4070 4071
2510 1443
2511 4073 4074
2512 4077 4076 3768 1205
2513 4085 1157 4080 4079 4089 4082 4084 4087 4081 4083
2514 1371 4090
2515 924
2516 3128 4091 2114 949
2517 4092
2518 4094
2519 1383
2520 4056
2521 1507 1389 376
2522 4095
2523 4099 4098 1015 2259 4100
2524 4104 4101 4103
2525 2261
2526 4109 4107 4105 4108
2527 4110
2528 4112 4113
2529 274
2530 4114
2531 3042 60
2532 4115
2533 4117 4118
2534 4119
2535 4120
2536 4121
2537 4122
2538 4124 3750
2539 2410 2420
2540 2329
2541 4126 4125 3777 610
2542 4127
2543 4131 3576 3575 4130
2544 3268 3269 4133
2545 4136 4134 726
2546 4137
2547 1436
2548 4139
2549 4140
2550 3201 4147 4142 4144 4143 4146
2551 1491
2552 4149
2553 4150
2554 15
2555 3126 2953 4152 2954
2556 2420 2410 2586 2584
2557 4153 2257 1015 4154 4096 2266
2558 1015 4158 4095 4153 3453 4157 2263 4156 4159
2559 20
2560 16
2561 3610 639
2562 4162
2563 2584 2590 2586 2411 2379 2378
2564 2255
2565 1499 1494
2566 440 456 1359 462 3759 461 465 3758
2567 3441
2568 3250 4165 3379 4166 4167
2569 3012 2991 2256 2970 2972 2980 2655 2976 3253 2974 2971
2570 1890
2571 927 377 1389 612 307
2572 303 728 1376 302 304 392 391 708 305 1374 306 1499
2573 1784 1781 1787 4169
2574 4170 4171
2575 4172 48 888 525
2576 4173
2577 4173
2578 2722 2755 2756 2720 2713 2736 2752 2751 2718
2579 2280 2277
2580 2710 2751 2709 2703 2708
2581 2708 2710 2760 2757
2582 2708
2583 2702 2701 2704 2474
2584 2279
2585 2712 2713 2703 2702
2586 3054
2587 4175
2588 2976
2589 3432 3418 4177 4176 4178
2590 926
2591 4179
2592 4180
2593 4181
2594 4188 4183 4190 4185 4192 4187 4186 4189
2595 4201 4205 4193 4213 4197 4194 4204 4207 4195 4196 4214 4209 4212 1178 4199 4202 4206 4211 4198
2596 4218 4215 4217
2597 4224 4219 4227 4221 4223 4222 4225
2598 4228
2599 4096
2600 4234 4231 4233 4232 4235
2601 4236
2602 4238
2603 4241 4242
2604 4244 4245
2605 2811
2606 4246
2607 860 708
2608 4247
2609 4249
2610 2657 2981 2255 2978
2611 3210
2612 916 3765
2613 4251
2614 4252
2615 164
2616 4254 4255
2617 4267 4270 4264 4269 4258 4265 4272 4260 4263 4266 4268 4259 4262
2618 2449
2619 4273
2620 1479
2621 3799 2564 2563 4274
2622 4275
2623 4276
2624 4278
2625 4280
2626 1369
2627 3128
2628 4282
2629 888
2630 4287 4285 4286 491 4288
2631 3129
2632 4291 3377 4290 4289
2633 1446
2634 3273 4293 4294 4006
2635 3465
2636 371
2637 4295
2638 1187
2639 1192
2640 4297 1195
2641 1196
2642 1285
2643 927 611 1494 1517 1622
2644 2929
2645 4298
2646 4303 4313 4315 4314 4311 4302 4309 4316 4304 4312 4307 4310 3024 4306
2647 2622 4318 4317 4319
2648 4320
2649 4175 4321 874 4322
2650 4323
2651 925
2652 4325
2653 1535
2654 4326
2655 917 3765
2656 4331 4328 4330
2657 4336 4334 4332 4335
2658 4346 1397 4338 4344 4340 4343 4339 4342
2659 2890
2660 4352 4349 4351 4350 4353
2661 1642
2662 3713
2663 4356 4357
2664 4363 4360 4362 4361
2665 3271 4365
2666 4366 4372 1803 4369 4368 4371
2667 3654 3649 3657
2668 1890
2669 3655
2670 3650
2671 3655
2672 3277
2673 1890 3649 3660 3661
2674 1891 3653 1890
2675 1891 3654
2676 1889
2677 3277 3657
2678 3660 3656 3662 1891 3652 3277 1890 893
2679 1891 3277 3653 3650
2680 3277
2681 1889 1892
2682 1890
2683 3660
2684 3279 3654 1893 3277 3657
2685 4377 706 4381 699 693 4383 4392 4384 698 695 691 700 696 4380 4373 4391 705 4374 690 701 4375 4394 4388 4393 4379 4387 4385 703 4378 4382 704 694
2686 1346
2687 3410 3413 3412
2688 4397
2689 1371 1185 1186
2690 21
2691 3973 3971
2692 2005
2693 4398
2694 4400
2695 4404 4351 4352 4403 4405
2696 1479
2697 525 2953 4090 3981 3129 60 3042 1444
2698 3765 917 916
2699 4416 4408 4407 4414 4410 4413 4409 4412
2700 1479
2701 3527 3531
2702 4418 4419
2703 925 926
2704 547 4422 1745 1746 2066 4421 4423 3502 4420 3244
2705 4424
2706 3054
2707 3054
2708 1534 2673 2679
2709 4425
2710 1479
2711 2526
2712 186
2713 2504
2714 3274
2715 4426
2716 4428
2717 3050
2718 4148 377 2006 4429 3346 1501
2719 1479
2720 4430
2721 525
2722 2557
2723 2502 4432 3855 2000
2724 4433
2725 4436 4437
2726 1984
2727 3662 3276
2728 837
2729 1442 2870 4438
2730 4439
2731 1981
2732 837 4442
2733 4446 837 4443 4445
2734 221
2735 836
2736 4449 4447 3769
2737 4453 4450 3770 4444 4452 4451 837
2738 4448 4447 3769 4455
2739 4452 4453
2740 836
2741 4459 4456 4458
2742 3769
2743 3769 4444 4460 4455 4461
2744 3770 4448
2745 4447 4462 4446 837
2746 4464 4465
2747 4466 4467
2748 4468
2749 4456
2750 4470 4447
2751 3770 4447 4448 221
2752 4473 4471 4467 4444 4455 4472 4449 4447
2753 4455
2754 4462
2755 4445 4475 4448 4457 3770
2756 4465 4471 4467 4464
2757 4484 4256 4478 4483 4480 4482 4479 4272
2758 4486 4487
2759 3971
2760 2112 4489 4502 4492 3795 4498 1447 4490 4491 4500 2293 4501 4499 2118 876 4494 4496 945 944 4493
2761 2138 355
2762 12
2763 738 604 756
2764 355 1442
2765 1445
2766 4505 4506
2767 1446
2768 4507
2769 4508
2770 2138
2771 1442
2772 2138 1442
2773 1446
2774 355
2775 4438 355
2776 1445
2777 1372
2778 1442 2138
2779 4509 4515 4511 4513 4512 4514
2780 4505
2781 1442 4438 4505
2782 355 1442 4504
2783 1446
2784 1442
2785 4424
2786 1446
2787 4518
2788 1446
2789 4539 4520 4543 4531 4533 4529 4535 4521 4524 2377 4522 4541 4523 4540 4542 4536 4545 4538 4526 2654 4532 4537 4525
2790 4044 4036 1348 4546 4038 1630 4547 4548
2791 1446
2792 3852 3853
2793 2158 2156
2794 1442
2795 2138
2796 1446
2797 1492
2798 4550
2799 2870 3852 3761 4516 3853 4505
2800 4497 4494 876
2801 825 2929
2802 1446
2803 1442
2804 387 994 3441 4553 383 382
2805 857
2806 304 302 305 993
2807 1446
2808 856
2809 525
2810 1442
2811 1446
2812 4555
2813 825 1601
2814 4559 1193 1192 1197 1287 4557 4558 3605 1286
2815 4564 4562 866 4563
2816 4565
2817 4566
2818 4124 4568
2819 4569
2820 4325
2821 2829 4570 2828 2525
2822 4571
2823 21
2824 4572
2825 4581 4578 4584 4576 4590 4588 4350 4575 4582 4591 4577 4585 4580 4583 4586 4579
2826 3973
2827 1952 1918 781 1927
2828 4278
2829 3394 3391
2830 1020 1436
2831 4594
2832 4599 4597 3946 4598
2833 4600
2834 4601
2835 1984
2836 394 395
2837 4602
2838 1442
2839 3761
2840 4504
2841 3071 3070 3058 3072 3063 3059 3051 3046 3061
2842 4604 4004 4606 4608 4607 4424
2843 4610
2844 637
2845 4613 4614
2846 2975 3005 2973 2971
2847 350 271 265 50 53 3349 273 267
2848 4616 4617
2849 1444 1371
2850 4623 4636 803 4621 4622 4633 4628 4634 4632 4620 4626 4637 3127 4627 4630 4635 4624
2851 2255
2852 3128 3042 3129 1444 947 2114
2853 527 528
2854 3271 3269
2855 328
2856 4639
2857 4644 4642 4640 4643
2858 4656 371 4652 4647 4646 3928 4649 4651 4653 4655 4648 4650
2859 836
2860 4661 4659 4657 4660
2861 4667 4664 4666 4665
2862 888
2863 4668
2864 4673 4671 4669 4672
2865 4164
2866 548
2867 4685 4682 4689 4683 4704 4674 4678 4690 1718 4679 1713 4675 4676 4703 4677 4701 4696 4702 4684 4695 4691 4698 4680 4693 4705 4681 4687 4700
2868 939
2869 304 728 305
2870 4706
2871 4708
2872 508 761
2873 4713 4711 4712 4370
2874 4717 4714 4716
2875 861 860
2876 2692
2877 4511 1371
2878 4719
2879 4720 3863
2880 1061
2881 2679 2415 2635 2636 2676 2461 1534
2882 4726 4721 4728 4723 4730 4725 4724 4727
2883 643
2884 4732 4733
2885 2005
2886 469 2583 27
2887 4632 4734 4739 4621 4736 4735 4737
2888 4741 4742
2889 4743
2890 525
2891 4744 1752 1665
2892 4745
2893 2453
2894 487 488 4746 4747
2895 4749 1158
2896 4750
2897 4325
2898 4751
2899 2503 919 4756 4752 4758 4754 4753 4755
2900 4211
2901 1442
2902 2030
2903 4760 4761
2904 1503
2905 2526 2527
2906 1937
2907 304
2908 525
2909 4762
2910 2282 4764 2285
2911 464 295 449 296
2912 2635 2679 2673 1534
2913 4766
2914 4767
2915 777 776 973 854
2916 304
2917 927 1374 1499 1389 307 391 1391 1503 1517 1653
2918 3096 4148 1494 4429
2919 1503 307 1505 1502 928
2920 708 927 729
2921 4770 1913 3924 4769
2922 925 1642
2923 2779 2473 323 835 2733 727 4771 332
2924 4772
2925 928 1392 1389 1200 1517 1499 3098 926 3348 1494
2926 1507
2927 1517
2928 305
2929 927
2930 926
2931 3973
2932 527
2933 4781 4778 4775 4774 4785 4777 4780 4783 4776 4779
2934 4317 2622
2935 4789 4787 4390 4376 4788 4377 4381
2936 3277 1893
2937 4790
2938 381 387
2939 606
2940 4792
2941 1513
2942 4796 2317 4794 4795
2943 4804 3594 3595 3593 4798 4805 4800 4802 3596 4799 4801
2944 917
2945 1022
2946 211 4807
2947 3127
2948 302
2949 4813 4810 4812 4811 4814
2950 3754
2951 4816 4817
2952 4818
2953 4438
2954 4819
2955 1445
2956 1276
2957 3973
2958 913
2959 4580 4591
2960 130 4132 3269
2961 4822
2962 4823
2963 1281 1259 4047 520
2964 4827 4828
2965 1157
2966 1442
2967 4829
2968 4450
2969 4830
2970 1722 1735 1725 1732 1728 1737 1730
2971 4834 4831 4833
2972 4836 4837
2973 4838
2974 4845 4842 4844 4843
2975 1395
2976 4851 4849 4847 4850
2977 2701 2751 2705 2720 2759 2756 2722 2760 2758
2978 4854 4853 1679 2661
2979 2706
2980 2279 2706
2981 1446 1442
2982 387
2983 4855
2984 4858 1276 4856 4047
2985 4867 4864 4861 4860 4870 4863 4866 4862 4865
2986 4047 1254
2987 1372
2988 4873 4874
2989 4880 4877 4879 4878
2990 4889 2334 3245 4881 3248 2333 4883 4884 4886 4888 4882 3246
2991 316 4891
2992 739
2993 3425 4178 4892
2994 759
2995 4898 4895 4897 4896
2996 525 2114
2997 2668 4899 4906 4901 4903 4902 4904
2998 4907
2999 4911 4909 3354 4910
3000 4914 1444 60 4913
3001 4915
3002 556
3003 185
3004 4917
3005 3128
3006 1371
3007 4931 4921 3975 4925 4922 4930 3974 4923 4924 3972 4933 671 4936 4926 4929 4932 4935 3970
3008 836
3009 1509
3010 1256 4941 1263 1277 4858 4942 4938 1275 1259 1257 1260 1255 4939 3469 1261
3011 525 1371
3012 4946 4943 4945
3013 2706
3014 2701 2715 2722 2756
3015 2708 2711 2735
3016 2754 2750
3017 525
3018 4950 4947 4949
3019 1476 545
3020 4299
3021 4951
3022 4952
3023 2140 3248 2334 3245
3024 4954 4955
3025 4956
3026 4957
3027 4959 4966 4961 4963 4962 4965
3028 4972 3433 4970 3432 4090 1402 4969 3425 4973 3415 3421 1420 1409 4892 4971
3029 302
3030 3714 3715 2894
3031 4975 4976
3032 4977 4978
3033 1842
3034 2446
3035 1696 1652 4981 1650 4982 1647 4980 1980
3036 1846
3037 1842
3038 4982 1697 4984 4983
3039 1647
3040 4985
3041 4984 4989 4991 4990 4992
3042 1648
3043 1698 1699 1843 4996 1846 2447 4979 4977 1842 2446 1701 2448 4995
3044 4998
3045 4611 4980 4994 1699 1698 2446 2448 1839
3046 1647 4611
3047 1648 1651 1700 1841 1647
3048 1669
3049 1669
3050 1523 4988 4989 5001 1698 1701 4999 1519
3051 51
3052 1698 4994 1648 4611 1651 1846 1841
3053 1841 1647 1839 1842 4980
3054 1647 1841
3055 4952 5002 3967
3056 4029 4024 4032
3057 5005 5006
3058 5007
3059 1701
3060 1765 4991 5011 5009 410 4989 1767 1519 1521 5013 4988 5010
3061 5016 5014 1014
3062 1701
3063 1650 1697
3064 1648 2447 2448 1841
3065 37
3066 5017
3067 5018
3068 5020 5021
3069 5022
3070 5023
3071 5024
3072 5029 5035 5027 5042 5040 5037 5026 5033 5044 5028 5036 5031 5034 5038 5043 5030
3073 4424 5046
3074 2977
3075 2947
3076 392 1185 5047 302
3077 282
3078 528
3079 5048
3080 371
3081 839
3082 3351 2217 2222 267
3083 3042 1372 1371 525
3084 860 304 305 302
3085 5052 3963 3854 3928 3386 5051 5053
3086 5054
3087 5056 674
3088 514
3089 5059 5057 5058
3090 5060
3091 5061
3092 5067 1673 5064 948 4500 5065 3863 888 4501 5066 2293 3862 5063
3093 4448
3094 3464 3273 5069 4293 5070 1743
3095 5076 5073 5075 5074 5077
3096 1743
3097 2706
3098 2703 2713 2702
3099 2754 2750
3100 2700
3101 5078 5079
3102 2713 2703 2280 2701
3103 2735 2721 2760 2737 2703 2750 2710 2757 2752 2278
3104 2703
3105 2753 2700 2737 2735
3106 2720 2722 2705 2721 2719 2718
3107 2755
3108 637
3109 1479
3110 2715 2714
3111 2521
3112 2701 2713 2712
3113 355
3114 759
3115 2279
3116 4623
3117 5080
3118 5082 5083
3119 1628 1348 5084 4044 3126 525 4042 5085 1479 1629
3120 5087
3121 5089 5096 5091 5093 5092 5095
3122 2215
3123 637
3124 5098 4315
3125 5099
3126 5100
3127 5102 5103
3128 389 378 390 3097 376
3129 392
3130 1215 5104
3131 890 5105 5106
3132 4365 130 5107 3271
3133 1375
3134 2706
3135 2474
3136 2706
3137 2277
3138 2706
3139 2757 2759
3140 2705 2700
3141 2735
3142 2706
3143 2706
3144 2704 2474
3145 3470
3146 5108
3147 5109
3148 861 860
3149 4397 5110 919 5111
3150 5122 5112 733 5115 4275 5121 5128 5113 5114 5126 5125 5129 2832 5117 5120 5123 5127 5116
3151 3069 3061 3046 3051
3152 3068 3055 3066
3153 3351 5130 264 52
3154 3071
3155 3070
3156 5131 5138 5133 5135 5134 5137
3157 926
3158 971
3159 3054
3160 3061 3051
3161 5142 5139 5141
3162 475
3163 4000
3164 5143
3165 5144
3166 5146
3167 5160 5152 5155 5149 5148 5161 5151 5154 5157 5159 5150 5153
3168 52 353 5130 5163 53
3169 164 159
3170 155
3171 159 354 5130 164 161
3172 5168 5165 5167 5166
3173 2693 5173 5176 5170 2691 5181 5172 5175 5178 5180 5171 5174
3174 716 5182
3175 1404 1396 4346 1397
3176 1580 1613 1558 1561 1594 1571 1578 1591 1581 1553 1564 1587
3177 1569 1559 1579 1554 1574 1573 1609 1608 1575 1562 1618 1577 1614 1556 1572 1578
3178 1587 1553 1583 1607 1612 1593 1595 1597 1604 1592 1558 1596 1603 1561 1605 1616
3179 1604 1599 1571 1596 1592 1605 1590 1566 1565 1585 1560 1561 1576 1563 1557 1558 1606 1553 1591 1567 1580
3180 1580 1574 1608 1614 1578 1611 1570 1572 1573 1618 1617 1585 1562 1577 1583 1569
3181 1595
3182 1596 1612 1566 1580 1609 1594 1575 1567 1576 1553
3183 1607 1603 1605 1606
3184 1585 1616 1619 1592 1620 1586 1587 1580 1615 1604 1581 1596 1600 1599 1590 1582
3185 1613 1567 1619 1588 1593 1583 1558 1579 1577 1584 1564 1612 1616 1582 1610 1595 1591 1614 1618 1596 1565 1600 1609 1597 1555 1585 1587 1620 1611 1576 1553 1574 1557
3186 1609
3187 1570
3188 1600 1580 1612 1596 1591 1586 1582 1566 1588 1594 1564 1590 1611 1616 1595 1557 1603 1619 1558 1609 1585 1599 1555 1567 1581 1587 1571 1610 1593 1563 1598 1565
3189 1573 1568 1609 1611 1579 1608 1612
3190 1611 1568 1573 1609 1578 1575 1612
3191 1612 1610 1555 1590 1560 1584 1611 1559 1567 1564 1575 1608 1606 1576 1579 1598 1585 1558 1574 1595 1597 1565 1593 1591 1553 1588 1571 1561 1616 1580
3192 1580 1563 1585 1581 1569 1612 1596 1613 1564 1557 1566 1572 1576 1587 1588 1595 1558 1584 1561 1593 1554 1594 1562 1555 1574 1571 1610 1567 1573
3193 1573 1575
3194 85
3195 5183
3196 5187 5184 5186
3197 2677 2637 2689 1539 5189 2678 2671 5191
3198 3130 1372 1444 3981
3199 1186
3200 341 324 2578 333 342 2129
3201 5192
3202 5193
3203 861
3204 221
3205 5199 5196 5198 5197
3206 263 262 264
3207 5202 5200 3433 5201
3208 637 759
3209 5211 5228 5240 1248 5214 5239 5206 1311 5227 1316 1181 5216 5243 1317 5244 5225 5224 5248 5249 1247 5221 5220 5219 5237 5209 5226 5246 5236 5231 5223 5238 5204 1807 2600 5241 5232 5229 2598 1810 5208 5218 5215 5252 5217 5113 5234 5212 5222 5242 1310
3210 5253
3211 5254
3212 5255
3213 1035
3214 168
3215 1284
3216 5257
3217 5259
3218 430 444 437 459
3219 462 440
3220 5261
3221 950
3222 5263
3223 2526 2244 185 2527
3224 3020 5270 5266 5268 5267 3462
3225 1511
3226 5271
3227 5284 5277 5280 5274 5273 5285 5276 5279 5282 5275 5278
3228 4090
3229 876 874
3230 5289 5039 5291 5287 5033 5288 5037 5290
3231 5299 4556 5294 5304 5306 5307 5293 5300 5308 5295 5303 5298 5301 5305 5297
3232 3114 3080 5314 3120 3056 3112 3074 3078 3563 3047 3083 3048 3049 5313 3079 4131 4130 3050 5312 3569 3052 3572 3121 3085 3076 3043 3077 3119 5311 5316 3045 5310 3573 3084 4129 3044 3073 3057 3122 3081
3233 3078 3045 3117 3058 3056 3067 3120 3050 3121 3069 3112 3075
3234 5319 5317 4733
3235 1330 2909 597 2905 600 601 740
3236 3061 3053 3070 3064 3071
3237 5327 5325 5323 5322 5329 5324 5326 4176 3432
3238 572
3239 5335 5332 5334 5333
3240 5337 5338
3241 3055 3068 3057 3069 3060 3066
3242 1371
3243 5339 5343 5340 5108 5341 5136
3244 5345 5346
3245 5350 5349 5347 4758
3246 1494
3247 1508 388
3248 391 1622 1653 3087 3096 3347
3249 1507 1622
3250 1186
3251 3335 1512 1510 1491 1501 1511
3252 1494 1492 1499
3253 391 1509
3254 1509 1512 611 391 1653
3255 1503 1492 1494 5353 1375
3256 1513
3257 3098 1516 1501 3334
3258 1503 1492 1499
3259 1375 391 1509 1642 611 376 1653 1501 390 5353 1510
3260 1509 391 1653
3261 1643
3262 1506
3263 3087
3264 1643
3265 5355
3266 5357
3267 1021 4421 1020 1436
3268 825
3269 5359
3270 5361
3271 4298
3272 5363
3273 5365 5371 5367 5369 5368 5370
3274 5366 5372 5367
3275 5367 5375 5373 5366
3276 5365
3277 2022
3278 2132
3279 2310 2185 5376 2168 2171 2169
3280 2014 2015
3281 2023 2022
3282 2021
3283 1212
3284 2020
3285 1267 5378
3286 1867 1878
3287 1021
3288 5165 5382 3461 5381 5168 4489 5265 4490 3937 5383
3289 5397 5389 5392 5386 5385 5398 5388 5391 5394 5396 5387 5390
3290 5388 5396
3291 5390 5384 5391 5392 5393 5397 5395 5394
3292 5384
3293 5384
3294 5393 5395 5388 5387 5391 5396 5384 5397 5392 5398 5385 5389
3295 5396 5389 5387 5393 5397 5398 5386 5388
3296 5392 5391 5394 5386
3297 5398 5390 5395 5391
3298 5389 5386 5395 5393 5385 5387
3299 5384 5396 5395 5398 5385 5392
3300 5386 5395 5398 5389 5384 5385 5396 5393 5391 5388 5390 5397
3301 5388 5398 5385
3302 5399
3303 1755 1712 5400
3304 5401
3305 536
3306 5402
3307 3454
3308 933 5403 931
3309 5406 5404 5405
3310 2524
3311 918 4064 4065
3312 3112 3061 3058 3051 3043 3117 3070 3064 3050 3067 3565 3113 3114 3086 3052 3076 3120 3054 3069 3049 3082 3119 5409 3077 3055 3047 3085 3568 3071 3122 5408 3081 3044 3048 3057 3084 3053 3080 3060 3046 3116 3063 3062
3313 3061 3054 3064 3046 3070 3053 3051
3314 3058 3085 3076 3075 5408 3116 3049 3045 4130 3125 3070 3043 3073 3122 3067 5313 3084 3124 3077 3053 3566 3044 3575 3055 3046 3576 3056 3060 3072 3061 3065 3081 3117 3068 3083 3048 3082 3047 5312 3059 3051 3563 5315 3570 5309 3066 5316 3064 3069 5311 3573 4131 3118 3114 3568 3057 3572 3074 3086 3120 3071
3315 5411
3316 248 255 249 258
3317 3568 5310 3565 3076 5408 3074 3075 5409 4131 5316 3083 3115 3123 3125 3566 3085 3084 3077 3043 3073 3050 3086 3574 3567 3576 3082 3124 4129 3575
3318 3561 3023
3319 304 1391 926 860 861
3320 1504 1495 307 928 927 925 708 1392 1517 926 1389 1391 729 1284
3321 60
3322 5417 5414 5416 5415 5418
3323 992
3324 5270 4218 5266 5419 3939 5428 5421 5165 5425 5269 4215 3937 5432 5420 5267 5433 5430 5434 5431 4216 5424 5426 4217 5422
3325 3151 3150
3326 3150 3151
3327 3151
3328 3151
3329 3151
3330 3150
3331 3150 5435
3332 5441 5438 5440 5439 5442
3333 5443
3334 5444
3335 5456 1285 5452 5447 5446 5457 5449 5451 5454 5448 5450
3336 5458
3337 2701 2279 2277 2278
3338 2702
3339 3085 3073 3565 3112 3080 3117 3072 3118 3075 3575 3074 5408 3078 3571 3065 4129 3113 3576 3567 3070 3048 3071 3120 3116 3064 4130 3050 3061 3119 4131 3059 3123 3568 3122 3566 3047 3583 3044 3053 3114 3084 3574 3570 5410 3046 3076 3086 3051
3340 5459
3341 762
3342 5460
3343 2668
3344 5461 996 386
3345 1753
3346 5462
3347 2755
3348 4552
3349 1011
3350 5012
3351 1402 1408 1409
3352 5467 1672 5465 2293 3873 4488 1072 3874 5466 1671 1673 1447 5063 5469 2118 1674 3863 5065 3328 5067
3353 5470
3354 888
3355 1372
3356 1603
3357 2308 3530 2450 2451 3519 2449
3358 876
3359 5477 5474 5476
3360 2706
3361 2711
3362 2713 2278 2712 2701
3363 2706 2715 2700
3364 2279 2277
3365 2703
3366 2278 2755
3367 5479 3338 635 2955 3341 5478 634
3368 5492 4585 5335 5496 5482 5485 5486 5483 5491 5495 5484 5497 4586 4589 4590 5494 5487 4578 5274 5493 5333
3369 882
3370 5501 5499 5500
3371 5502
3372 5501 5500
3373 5501
3374 5498 5502
3375 5504
3376 5499 882
3377 5505
3378 5499
3379 5504 5507
3380 5499
3381 883 5500 5502 882
3382 5509 5508 5499
3383 5502 5500
3384 5512 5510 5508 5511
3385 5498 5500
3386 4342 4345
3387 5513
3388 1937
3389 5517 5514 5516
3390 5519 5520
3391 2440 5521 2441
3392 930
3393 553 997 514 5522
3394 1517
3395 1503
3396 5351 1655
3397 5523
3398 1492
3399 5528 5524 5531 5526 3944 5527 5529
3400 5525 5530 5529 5533
3401 5535 5326
3402 5536
3403 4514
3404 1965
3405 1177
3406 1276
3407 4589
3408 860 1374
3409 759
3410 3673
3411 5542 5540 5538 5541
3412 5065 5466 5543 5467 5063 4500 5066 4499
3413 5545
3414 5547
3415 1196
3416 2022
3417 2168
3418 4364
3419 1943
3420 48
3421 1672 3863 5467 5549 1670 1671 5465 5068 5466 4499
3422 5550
3423 3458
3424 5556 5551 5559 5553 5555 5554 5557
3425 527 3136 3365
3426 3253 2981 2976 2655
3427 302
3428 861
3429 121
3430 4855
3431 919
3432 598 557 601 739 558 597 5560 5561 2910 594
3433 5567 5564 5566 5565
3434 5569 5570
3435 2821
3436 4180
3437 5572
3438 5583 5575 5574 5581 5577 5580 5576 5579
3439 4090 525 1372 1444
3440 3211
3441 4090 1372 1371
3442 4172
3443 328 339 335
3444 1185 392
3445 3203
3446 3188
3447 3056 3067 3112 3053 3120 3069
3448 3053
3449 5584
3450 4322
3451 928 925 1392
3452 1596 1607 1600 1598 1573 1583 1564 1567 1599 1563 1604 1620 1580 1619 1609 1605 1608 1587 1565 1570 1585 1579 1615 1588 1581 1557 1592 1586 1576 1613 1566 1594
3453 5585 5592 5587 5589 5588 5591
3454 1553 1561 1573 1584 1575 1596 1558 1619 1580 1555 1557 1587 1593 1583 1560 1612
3455 5386 5387 5393 5394 5385 5396 5397 5389 5384
3456 5385 5390
3457 5392 5387 5385 5397 5389 5386 5391 5395
3458 2694
3459 5593
3460 938
3461 3710
3462 5595
3463 935
3464 5595
3465 937
3466 937
3467 940 931 939
3468 5596
3469 931
3470 939 933 936 931
3471 5596 931 936 933
3472 5597
3473 935
3474 938
3475 939
3476 3710
3477 940
3478 933
3479 935
3480 933 940
3481 5599 5600
3482 940
3483 5601
3484 5603
3485 5607 5604 5606
3486 2977 2656 2658 2969
3487 1792 1786 1781 1778 1782 1784 1787 1809 1780 2966 1790 1779 2958
3488 3646
3489 5610 5609 2312 2819 2952
3490 5612 5613
3491 3339 5614 637 1988 5616 1986 5615 1982 757
3492 5617
3493 888
3494 5088
3495 4365 3271 2815 4133
3496 936
3497 5403
3498 5619 5620
3499 936 935
3500 5621
3501 2511 2520
3502 5623
3503 926 925 1391
3504 5624
3505 5625
3506 5627 2629 950
3507 3222
3508 2701 2713
3509 2713
3510 2706
3511 2700 2702 2750 2754
3512 2752
3513 2279 2277
3514 2474
3515 2759 2760 2707 2757
3516 2720 2280 2277
3517 1375
3518 3388
3519 930 860 708 304
3520 1372
3521 2683
3522 3202
3523 5571 5630 5629 5632 3209 5631 3202 4180
3524 3207 3202
3525 5637 5634 5636
3526 5643 5640 5642 5641
3527 5644
3528 5650 5646 5653 3773 5649 5648 5651
3529 168 2219
3530 3129 2954
3531 305 860
3532 5655 5656
3533 5661 5659 5657 5660
3534 1517 307
3535 5664 2679 303 5662 3600 5665 3514 306 3515 2676 5663
3536 928 1392 2007 1391
3537 1940
3538 1164
3539 3640
3540 5676 5668 5667 5674 5670 5673 5669 5672
3541 5461 1017 2538 5680 552 825 519 384 995 551 5678 553
3542 1507
3543 5681 5627
3544 5682
3545 874
3546 5695 5688 5691 5685 5684 5696 5687 5690 5693 5686 5689
3547 1431 1432 1438 1434
3548 19
3549 1177
3550 1285
3551 5698
3552 2549 550
3553 5703 5701 5699 5702
3554 2461
3555 5704
3556 131
3557 5705
3558 1794 671
3559 525 1444 4090 949
3560 2617
3561 5711 5708 5710 5709 5712
3562 1940
3563 2929
3564 131
3565 3151
3566 619 5713 5254 616 4124 4568 618 3458 5716 617 5691 5714
3567 637 1989
3568 4156
3569 5717
3570 1372 1371 4090 1444
3571 1185 1186 861
3572 2658
3573 5727 5723 5718 1783 1786 1779 5724 1780 1787 1782 1792 5728 5719 5726 5729 1781 5732 1791 1785 1778 4169 1784 1789 5720
3574 4043 2244 2526
3575 5733
3576 5734
3577 5735
3578 5516
3579 926 306 1284
3580 1512 1387 1506 1092 612 1510 1380 5736
3581 376 1492 377
3582 1653
3583 1494 1503
3584 388 1513 1653 3348
3585 927
3586 1494 1503
3587 1510 612 1642 5352 928 1517 391 1491 2006 1643
3588 612 1506
3589 3087 1506
3590 611 5352 2006 1387
3591 1506 1642 611
3592 611 5353 1390 612
3593 307 927 1517 928
3594 1499 1503
3595 5595
3596 607
3597 2702
3598 2751
3599 2712
3600 2706
3601 2277
3602 2701 2712 2713
3603 2701
3604 2720 2700 2714 2752 2757 2758 2719 2755
3605 2277 2704 2280 2713 2474 2279 2701
3606 2474
3607 2722 2752 2705 2718 2709
3608 2708 2736
3609 2758
3610 2706
3611 2755 2711 2751 2709
3612 2279
3613 2719 2705 2278 2280
3614 2655
3615 2279
3616 1257
3617 3854 3928 5737 2504 5053 5052 2502
3618 624
3619 5738
3620 5740
3621 5745 5742 5744
3622 888
3623 215
3624 1477 544 540 542 546 1475 536 1474 543 538 1473 1104
3625 3643
3626 2782
3627 5750 5748 5746 5749
3628 2929
3629 5751
3630 5753
3631 5755 5762 5757 5759 5758 5761
3632 3713
3633 5763
3634 5402 2621 5764 2624
3635 5766
3636 2548 2547
3637 5767 551 5678 5768 1225 554
3638 5770
3639 5771
3640 2667
3641 5773
3642 348 337
3643 1345
3644 5775
3645 860
3646 5777
3647 3211
3648 5778
3649 3492 3491
3650 3477 3498 3459 3495
3651 3334 3098
3652 2781
3653 2149 5786 5784 3517 5779 5785 5788 5781 5783 3472 3473 5780 3587
3654 197
3655 1622 612 1516 377 391 375 1517 1389
3656 1514
3657 1517
3658 5789
3659 572
3660 5793 5790 5792
3661 5794
3662 2349
3663 3618
3664 2324
3665 5327 5795 4124 4567
3666 2280 2278 2701 2714 2721 2705 2715 2719 2736 2279 2711
3667 2722 2756 2719 2718
3668 2713 2280 2715 2278 2279 2277
3669 2706
3670 2713
3671 2718 2722
3672 2700 2706 2756 2752 2758 2722
3673 305
3674 5796
3675 96 98 97 105 5800 103 106 107 5798
3676 5802 5801 4125
3677 5805 2003 5804
3678 4273
3679 4172
3680 1391 930
3681 388 1509 1643 1653
3682 5806
3683 303
3684 3463
3685 2307 3387
3686 3764
3687 5046 4058 4005
3688 4104
3689 95 1072 5812 5811 5819 5813 5815 5817 5297 5814
3690 612
3691 860
3692 5820
3693 1517 1494
3694 5822
3695 0
3696 5828 5823 3200 5825 5827 5826 5829
3697 5830
3698 5832
3699 993
3700 5833
3701 5835 1943 5834 5106
3702 2897
3703 5836
3704 1201 3449 5837
3705 48
3706 4176 5839 5840 4177 5841
3707 5842
3708 5848 5845 5847 5846
3709 892 1371 1372 4090
3710 3761
3711 4197 1422 5517 4207
3712 4582
3713 5849 5850
3714 557 739 5561
3715 527
3716 4086 1158 4748 4082
3717 5863 5866 5860 5865 5854 5861 5868 5856 5859 5862 5864 5855 5858
3718 1285
3719 5874 5872 5870 4105 5877 5652 5650 5871 5873
3720 319 835 727
3721 1403
3722 5881 5845 5848 5880 5882
3723 1915 5883
3724 1372
3725 4846 5885
3726 3794
3727 4086 4082 1165
3728 5886
3729 1273
3730 5887 1758 1711 5400
3731 5888
3732 572 5890 5889 5891
3733 5068
3734 5900 5897 5894 5893 5903 5896 5899 5895 5898
3735 2817 4132 5904 5905 3647 4133 2867 3645
3736 1479
3737 5909 5906 5908
3738 916
3739 1657 5913 5911 1654 5915 4670 4669 5912 1655
3740 5916
3741 5917
3742 5922 5919 5921 5920
3743 5931 5924 5923 5929 5925 5928 4425 5927
3744 2718
3745 1329 596 607 2890 592 593 604 606
3746 701 5933 4391 4388 4395
3747 5934 5935
3748 860
3749 5939 5937 1422 5938
3750 332
3751 2817 5940 5941
3752 857
3753 5117
3754 5942
3755 1475 1223 543 545 537 540 536 1478
3756 5943
3757 2463 2563 2548
3758 549 2548 3137 3138
3759 2547
3760 2562
3761 3138
3762 2547
3763 5944
3764 5948 4287 5947 5944 4288 4746 492 4284 491 488
3765 3139 2553 2571
3766 727 2778 835 2733
3767 5949
3768 5950
3769 5955 5952 5954
3770 5952
3771 5957 5958
3772 620
3773 866 5959
3774 5561 1329 2908 557 603 558 2892
3775 1940
3776 1793
3777 5964 5961 5963
3778 5968 5965 5967
3779 708
3780 2624 2623 5402 5970 5971
3781 5976 5973 5975 5974
3782 5945 488 209 223 490
3783 1192
3784 5977
3785 5979
3786 1742
3787 5980 5987 5982 5984 5983 5986
3788 5990 4065 5989
3789 5281 5991
3790 526
3791 5992
3792 525
3793 1088
3794 5993
3795 5994 5995
3796 5993
3797 5995 5996
3798 5993
3799 5998 5999
3800 926
3801 3052 4129 3116 3049 3563
3802 3063 3046 3051
3803 6000
3804 6008 1945 1941 6006 6003 6005 6002 5834
3805 6009
3806 6010
3807 188
3808 1446
3809 6011 6012
3810 972 966 968 2144 6015 975 991 773 5777 6016 1000 963 775 960 961 6014
3811 1372
3812 6020 6017 6019
3813 525
3814 6021
3815 6024 6025
3816 6026
3817 3755
3818 6028
3819 696
3820 48
3821 888
3822 3946 6030 6032 6031
3823 6036 6046 1778 6041 5721 6040 6050 1792 6051 5732 6033 6047 5728 1785 5729 5722 1791 6034 6049 6052 5719 1789 6044 5727 6038 6043 5723 6042 5720 5730 6048 6053
3824 60 3126 4091 1371 1372 3129 2953 2954 3981 3042
3825 770 27 37
3826 6059 6057 6055 6058
3827 1011 1187 6060 6061 4276 1286 4277 1285
3828 6062
3829 6063 5521 2440
3830 6064
3831 1371 1444
3832 6065
3833 525
3834 298 294 295
3835 295 294 464 443 430 575 444 431
3836 455 300 431 449
3837 445 452 431 296 451
3838 438 434
3839 3758 454 3759 462
3840 294 460 430 434 432 445
3841 5107 2867 3647
3842 6067
3843 355
3844 3853 4505 4438 355
3845 1446
3846 3761
3847 1442
3848 355
3849 1446
3850 3873 5065 5548 4720 5063 3864
3851 1446
3852 355
3853 4600
3854 6068
3855 2724
3856 3269 3268
3857 6069
3858 6070
3859 6072
3860 2138 355 1445
3861 1479
3862 4238
3863 2840
3864 6076 6073 6075
3865 5747
3866 6078 3329
3867 3764
3868 6079
3869 4506
3870 6082
3871 6084
3872 6085
3873 916
3874 3761
3875 6086
3876 6087
3877 303
3878 3380
3879 5770
3880 1444 3129 3042 60 1671
3881 6088
3882 623 5478 5479 3337
3883 6092 3507 6090 6089 6095 3511 6091 6093 2871 3504
3884 2547
3885 6072
3886 2950 2951
3887 2547
3888 6096 6072 6098 6100 6099 6102
3889 2567
3890 3764 470 6104
3891 1479 4025 6106 4043
3892 2559 2545 2564 2562
3893 6107
3894 6108
3895 3104 3102 6109 6110
3896 3853 1446
3897 3070
3898 3068
3899 3070
3900 6114 6111 6113
3901 6117 3594 6120 916 6116 6115 6118
3902 5787 2676 2673 2679
3903 6121 6122
3904 6125 6124 6123 6112
3905 6125 6113 6122 6128
3906 3074
3907 6132 6129 6131
3908 5012
3909 6134 6135
3910 6139 6136 6138
3911 3765 1982
3912 6148 6145 6142 6141 6152 6144 6147 6150 6143 6146
3913 2548
3914 2548
3915 2548
3916 2550
3917 2547
3918 2547
3919 2548
3920 2547
3921 5556 6153
3922 6154
3923 2007 930
3924 2450 3522 2451
3925 2548 2547
3926 4387 6155
3927 2460
3928 2558 2566 2557 2567
3929 6156
3930 392 861 1653 860
3931 2547
3932 6161 3754 6160 6159
3933 2547
3934 1442
3935 5379
3936 6162
3937 6089
3938 6167 1693 2337 6166 6164 2331 1692 6165
3939 3834
3940 1186 861
3941 3062 3067
3942 2138 1442 1445
3943 3071 3053 3061 3070 3064
3944 371
3945 6170 371 2068 6169
3946 3060 3119 3576 3116 3044 3063 3114 3061 3051 3575 3046 5309
3947 1990 759 1987 1985 2956 2955 5735 637 6171 3337 757 3339 5616 1986
3948 6173 1905
3949 5342 6174 1634
3950 355
3951 15
3952 6179 6176 6178
3953 6180
3954 255 6181 6186 249 6184 6183 6185
3955 221 3770
3956 837 6188 6189 4452 4458
3957 4448 4450 3770 4466 4471 4472 4476
3958 6191 4468
3959 6196 6192 6199 6194 6191 6195 6197
3960 4472 4473
3961 6201 6202
3962 6203 4452 4471 4453 4469
3963 4474 4472 4457 4471 4460 4461
3964 4457
3965 4468 6193 3770
3966 6204 6205
3967 4460 4474 4475 6207 6191
3968 4446
3969 6208 4458 4474 4461 4475
3970 4447
3971 4470 4449 4447
3972 6209 4462 6190 4472
3973 6213 6191 6210 6193 6199 6208 6212 6211 6203
3974 4470 6198 6190 6197
3975 6209 6197 6195 6198
3976 836 837 4443 4470 4445 4444
3977 6215
3978 5735
3979 6216
3980 2792
3981 2793
3982 2836 2784 2786 2792
3983 3133 2741 2784 2742
3984 2635 2461 1534 2679
3985 950 525 3126 949
3986 4064 4065
3987 122
3988 1535
3989 6217 6224 6219 6221 6220 6223
3990 612
3991 1696 4982 4980 5015 1697 1700
3992 6229 6227 6225 6228
3993 5198 5197 6230 5196
3994 1643
3995 2148 5976
3996 1479
3997 3387
3998 306
3999 6232
4000 6236 6233 6235
4001 3098 1643 1516 1502
4002 3059 3051
4003 1444
4004 6237
4005 4559
4006 860
4007 949 2112 948 950 1021 947
4008 2793 2789
4009 6239
4010 1005 1009 6242
4011 5227 5221 5233 5228 5247
4012 1983
4013 4273
4014 547 3454 1806
4015 2629
4016 3761
4017 6245
4018 6247 5548 944 5052 3504 2112 6246 3928
4019 1284 1186 1200 612
4020 378 1516 377 3092 1503 3095 612 375
4021 2463 550 2546 2464
4022 303 5339 5136 6248 729
4023 2548 2563 2564
4024 4569
4025 6249
4026 4970 4969 6250 4177 4167 3432
4027 1202 6251
4028 2563
4029 6252
4030 6255 3637 6254
4031 4364
4032 2655
4033 6259 6256 6258 6257
4034 6009
4035 122
4036 768 23 771 12 24 82 85 769 203 202
4037 6260
4038 631
4039 6261
4040 6262
4041 4762
4042 3066 3114 3117 3044 3112 3084 3045 3116 3119 3065 3083 3057
4043 6263
4044 1320
4045 1711
4046 5683 6267 5690 6265 6264 6266
4047 6268
4048 2135 526 6269 804
4049 4551
4050 759
4051 6271 6272
4052 746 1965 902 35 1938 909 900 33 744 1929 745 899 885
4053 6283 3988 6279 6280 6274 3991 6276 6278 6281 6282 6275 6277
4054 5113
4055 928 1392 1504 926
4056 6285 5141
4057 2459
4058 6286
4059 2548
4060 2474 2702 2704 2278
4061 2736 2753
4062 6287
4063 3269
4064 1534
4065 6289 6290
4066 6291
4067 802 3128 525 2114 1372 3042 946 944 1444 3126 4152 4091 4720 4090 60 1371
4068 2710 2715 2708 2279
4069 2704 2706 2703
4070 2474 2702
4071 6293
4072 6295
4073 2713
4074 6299 6297 6298 6241
4075 1953 915
4076 6300
4077 6301
4078 6302
4079 6303
4080 5735
4081 5478
4082 6304
4083 388 1515 1513
4084 6306 6307
4085 6308
4086 6311 6309 4315
4087 6313 5921 6312
4088 5237 6316 5232 6315 5212 2603 6314 2598 5224 2599 5220 1807
4089 759
4090 1983
4091 4913 6317 6324 6319 6321 6320 6322
4092 2562 2548
4093 6328 6325 6327
4094 6329
4095 2789 2939 2838 2696 2837
4096 1283 930
4097 2547
4098 4022
4099 2562
4100 2502 1996 1994 1999
4101 264 52
4102 6331 4931
4103 2547
4104 2562 2548
4105 2568 2547 2571 6332 2564 3139
4106 877
4107 6333
4108 6335
4109 6336 6343 6338 6340 6339 6342
4110 2570 2552 6332
4111 6344 5886
4112 6345
4113 2547 2563 2548
4114 6355 6352 6349 6348 6359 6351 6354 6357 6350 6353
4115 1436 1431
4116 3487 3482 3486
4117 2548
4118 2547
4119 2548
4120 6364 2305 6362 2309 3387 6366 2308 6361 6363 2307 2306 4400
4121 2304 6365 2306 2307
4122 2303 6366
4123 392 1185 1186 302
4124 1983
4125 2556
4126 2135 804
4127 2549 2567
4128 5834 1943
4129 572
4130 2547
4131 1203 1017 5678 554 997 5768 5769 519 1204 387 6368 5522 5677
4132 4924 6369
4133 4719 6370 6372
4134 536 537 1473 5715
4135 5136
4136 48
4137 6374
4138 6375
4139 2548
4140 6376
4141 624
4142 5034 6377 6379
4143 5081
4144 6380
4145 2547
4146 430 1356 3758 444 1358 434 295 464 1354 1355 454 449
4147 4608
4148 3441
4149 2815
4150 2547
4151 1371
4152 6382 6383
4153 3973
4154 6385 6386
4155 5608
4156 6387
4157 6392 3545 6389 3549 3547 6391 3553 6390 3554
4158 3776
4159 6398 5262 6397 6396 6399
4160 6400 3965
4161 6401
4162 3670 3669
4163 4918 4917 6404
4164 6407 6405 3444
4165 5433
4166 6409 6410
4167 4090 1371 1372
4168 2515 2519
4169 1223 536 546 537 538 1214
4170 1535 2828 6411 3220 2672 3217
4171 6413
4172 6414
4173 5480 6022 6415 3340 1981
4174 759
4175 3973
4176 6418 6417 3015
4177 1982 2956
4178 6423 6421 6419 6422
4179 6424
4180 3967
4181 6425
4182 804 526 527 3136
4183 948 2954 949 2953 3129 950 525 2112 3042 1673 5062 4501 947 3981 5544 4090 2114 60 1672 5064 2120 1372 1444 3130
4184 6426 6433 6428 6430 6429 6432
4185 3459
4186 6444 6445 6441 3585 6436 6442 6447 3412 6440 6443 5473 6437 6439
4187 1893 3662 3660 1889
4188 6448
4189 3247 3501
4190 3848 3844 3842 3843
4191 526
4192 2973 3253
4193 6449
4194 5063
4195 947
4196 6450 1913
4197 685 4655 686 2000
4198 1988 1986 1985
4199 4755
4200 7
4201 6454 6451 6453
4202 2547
4203 6455 3151
4204 4172
4205 6456
4206 4917
4207 6457
4208 6462 6459 6461 6460 6463
4209 1673 5064 3328
4210 2548
4211 6464
4212 2888 556 1328
4213 6465
4214 5396
4215 6466
4216 6467
4217 6468
4218 1479
4219 3042 3981 1371
4220 5627
4221 6007
4222 6261 4125
4223 4064
4224 5289
4225 5738 6473 6472 6255 6474 6476 6253 6475
4226 6488 5548 5065 6483 6480 1672 3873 5544 5062 6492 6477 1674 5068 4500 5469 5549 5063 1673 5467 6493 6487 5465 3328 6486 6484 6485 6479 6482 6490
4227 1442
4228 6494
4229 592
4230 1372
4231 6495
4232 6496
4233 6502 3454 2954 6500 6498 5355 6517 6518 4110 6504 1806 6505 4091 6513 572 2953 6520 6512 6499 3455 5105 4843 6497 4152 5460 6515 6514 2120 2300 6501 4844 6506 5106 1371 4914 6519 1372 6510 6516
4234 2506
4235 5812 5816
4236 261
4237 185
4238 6523
4239 6276 6275 6526
4240 1673 3328 3862 5067 3863 1670 5064 5062
4241 888
4242 3352
4243 3126 947 1371 1372 3128 2954 1444 3981 4152 2114 5066 3129 3130
4244 6528
4245 638
4246 3967 4110
4247 3636
4248 6542 6534 6537 6531 6530 6543 6533 6536 6539 6541 6532 6535
4249 6544
4250 6545
4251 5548
4252 1986 637 1988 759
4253 3268 2813 5904 6548 2812 2831 6546 6547
4254 6550
4255 4023 6552 6551 6553
4256 525 4090
4257 547
4258 6554
4259 5471 6558 6560 6559
4260 2531
4261 6561
4262 1666
4263 6473
4264 6563 6564
4265 6565
4266 1582
4267 3136 2008 6567
4268 6572 6570 6568 6571
4269 2005
4270 6573
4271 1372
4272 2547
4273 6575 6580 6333 6577 6576 6579
4274 4855
4275 2978 2658 2977 2657
4276 6581 6588 6583 6585 6584 6587
4277 6590 4366 6589
4278 6591
4279 6592
4280 6593 4369 4368
4281 6594
4282 355 3761 3852
4283 6600 6595 6603 6597 6599 6598 6601
4284 2547
4285 2668
4286 1642
4287 6606 6604 1640
4288 1479 1349 4850
4289 3618
4290 5096 6612 5093 6610 6609 6617 5090 5094 6615 6611 6613
4291 2668
4292 6622 6620 6618 6621
4293 6624 6625
4294 6628 4753 6626 6627
4295 1793
4296 4577 6632 6630 6629 3399 4575 6633 6634 6631 4402
4297 6636 1940
4298 1444 3042 60 946 2954
4299 6637
4300 637 6638 6640
4301 4889 4887 2140
4302 6654 6652 6649 6650 6643 6656 6645 6648 6651 6653 6644 6647
4303 6397
4304 1372
4305 4761
4306 1371
4307 5812
4308 3664
4309 3598 6657
4310 6658
4311 6659
4312 3380
4313 6665 6662 6664 6663
4314 2563
4315 6666
4316 6668
4317 6670 1060 1059 6669
4318 4855
4319 6676 6691 6682 6674 6675 6688 6683 6689 6687 6673 6680 6692 6678 6681 6685 6690 6677
4320 1375 5736 1496 6694
4321 5795
4322 2632
4323 6695
4324 2902
4325 927 307
4326 6700 6698 6699 5165
4327 860
4328 6705 6702 6704 6703 6706
4329 455 300 449 464
4330 2712 2706 2279 2277 2715 2704
4331 6708 6709
4332 1372 1444
4333 6710
4334 5288
4335 3454 1806
4336 2120 5065 946 949 802 3130 945 2112
4337 6712 6713
4338 6723 6717 6720 6715 6714 6724 6716 6719 6721 5966 6718
4339 2547
4340 2547
4341 6727 6283 6726 6725 6280
4342 5636 6731 6734 6729 10 6738 4228 6733 6735 6737 6730 6732
4343 2614
4344 48
4345 120 138
4346 6739
4347 6740
4348 4080 1157 6742 6741
4349 6743
4350 1900 6744 3126
4351 6750 6747 6749 6748 6751
4352 4273
4353 2547
4354 6752
4355 3470
4356 620
4357 729 303 306 728
4358 6754
4359 3150
4360 3151
4361 3152 3151
4362 3151
4363 3152
4364 6757 6755 621 6756
4365 6758
4366 2118 2954 4488 2293
4367 2547
4368 3227 6760
4369 6761
4370 6763
4371 1371
4372 1224 825 383 1017 6764 385
4373 5323
4374 888
4375 625 5479 3337 3189 6022 2956 6768 6021 2955 6770 3341 3339 6767 1719 758 5478
4376 6771
4377 2828 1534 2636 2635
4378 5995
4379 2629
4380 946 802 944 945
4381 888
4382 2704 2474
4383 759
4384 6774 6775
4385 3128
4386 131
4387 1372
4388 4164
4389 527
4390 2110
4391 6777 6778
4392 728 925 3441
4393 6783 6781 6779 6782
4394 1985
4395 6801 6792 6784 6785 6795 6786 6793 6791 6800 3708 2945 6802 5026 2946 5771 6797 6805 6799 6788 6790 5772 4613 6798 6787
4396 3128
4397 6806
4398 891
4399 1372 944 948 4090 946 2120 1371 2112 945
4400 6807
4401 5519 475
4402 5994
4403 6809
4404 2548
4405 6810
4406 888
4407 392 1284 927 305
4408 6816 6813 6815 6814
4409 1806
4410 6817
4411 6818
4412 1200
4413 1517
4414 6819
4415 392 1185 729 1284 930
4416 6820
4417 6822 6823
4418 4090 525
4419 874
4420 202 771 502 503 82 504 468
4421 6826 4917 2523 6824 2513 6825 2516
4422 5619 6830 6828 6831
4423 2111
4424 860
4425 4638 3369 130
4426 553 5461 996 993 386 995 826 381
4427 387
4428 708
4429 382
4430 166
4431 3268 3270 2813 2816 2814 2812 2311 2951 6547
4432 5941 6832 5905
4433 3128 3130
4434 6842 6846 6834 6855 6838 6835 6845 6848 6836 6837 6853 6850 6854 6851 6857 6840 6843 6847 6852 6839
4435 316
4436 6858
4437 6859
4438 6863 6860 6862
4439 3778 4125
4440 6866 5392 5384 6865
4441 2629 2120 2112 944 4492 946
4442 537 536
4443 6868
4444 3212 6869 6871
4445 917
4446 3019 3017
4447 6881 6878 242 6879 6894 6872 6876 6882 6889 233 227 6873 6874 230 6875 6892 6886 6893 6880 234 6883 246 245 6885 238 6877 244 6890
4448 2565
4449 918
4450 6902 6899 6897 6896 6906 6759 6901 6904 6898 6900
4451 2953 60 3981 1444 3042 4152
4452 6907
4453 393
4454 1495 1504 926 1391 930
4455 4751
4456 6909
4457 6912 6910 767
4458 1444 3981 1371 3130
4459 930 861 860 1185
4460 6916 6913 6915
4461 4065
4462 6920 6917 6919
4463 3376
4464 628 6934 6930 6933 6924 6931 6936 6926 6929 630 6932 6925 6928
4465 6458
4466 874
4467 6938
4468 6939 3455
4469 2986 6940 6941 3011 2970
4470 2548
4471 3719 3741
4472 6942
4473 2668
4474 1442
4475 6944 6951 6946 6948 6947 6950
4476 781
4477 6952
4478 6956 6953 6955
4479 6958 6959
4480 6960
4481 1284 1200 1283
4482 6962 1644
4483 1387
4484 735 6963
4485 6968 6966 6964 6967
4486 6969
4487 6970 6971
4488 3636
4489 6974 4568 6972 6973
4490 6976 6977
4491 3860
4492 1226 6979 6978 6980
4493 4945 4943 6981
4494 6982
4495 892
4496 6983
4497 525
4498 6984
4499 6986
4500 6993 6990 6992 6991
4501 6999 6994 7002 6996 6998 6997 7000
4502 7003
4503 7005
4504 7011 7010 6995 7007 7001 7009 7002 7008 6999
4505 7000 6999 7015 7002
4506 2349
4507 2547
4508 7016 7018 5126 1896 5550 5128
4509 2548
4510 825
4511 2953 945 3981 4152 4091 802
4512 5261
4513 7021 7010 6996 7020
4514 7003
4515 7024 7003 7023
4516 5262
4517 7023
4518 7027 7025 7029 7026 7031 7010 7007 7028
4519 620
4520 7032
4521 7033
4522 60 3130 3042 1444
4523 7035
4524 1375 7037 378
4525 7039
4526 3873
4527 4514
4528 4072
4529 383 386 554 993 994 552 519 5461 381 1016 996 825 1017 551 826 382 7040 553 387 5768 6764
4530 1444 1371
4531 4106 7043 4109 7042 5649 4315
4532 1116
4533 5115
4534 1345
4535 1708 3605 5452 1005 1287 944 1447 888 948 3864 1286 1187 5448
4536 929
4537 7049 7046 7048 7047
4538 7050
4539 1103
4540 7051
4541 2548 2547
4542 2547
4543 5270 7052 5433
4544 5461 993 386
4545 2517 5622 2509 2510 2520 2511 7053
4546 3971
4547 7054
4548 4165 7060 3379 7058 7067 7065 3376 7057 7062 7068 7059 4291 3378 7063 4289 7061
4549 877 7069
4550 386
4551 7070
4552 7075 7073 4499 5068 1671 7078 1098 7071 7076 4501 7072 1096 7074 1670 1095 1108
4553 1503 1502 1374
4554 7079
4555 1372
4556 371
4557 7084 7081 7083 7082 7085
4558 7086
4559 6502
4560 7092 7089 7091 7090
4561 303 1284
4562 2635 2461 1534 2679
4563 7094 7095
4564 60 4090 1444 1371
4565 7103 7100 5958 7098 5953 7108 7105 7097 7104 7110 7099 5957 7102 5954 7106 7101
4566 7105 7102 5951
4567 5951
4568 7129 279 7133 7122 7124 7120 7125 7112 7114 277 275 7131 7113 276 7132 7126 7135 7128 7116 7119 7123 7127 7115
4569 7136
4570 7145 7142 7139 7138 7148 7141 7144 7140 7143
4571 6380
4572 1157
4573 2457
4574 7151 7149 3771 7150
4575 4271 4481 7154 7153
4576 4554
4577 5775 7156
4578 7157
4579 3462 3020 5268 5265
4580 1371 60
4581 7161 7171 7174 7173 7169 7160 7167 7175 7162 7170 7165 7168 7172 7164
4582 686
4583 4846
4584 7176
4585 525
4586 1372 3129 3042 4488 3981 60 1444 3862 3130 4090 946 4720 2953 1371 4492 2118
4587 7178
4588 1479 186 2244 2526
4589 2244 186
4590 5400
4591 888
4592 918
4593 7179
4594 215 1752 1224 552 1665
4595 494
4596 304 302 305 303 392
4597 2556
4598 453 438 458 294 452 297 451 434 447 446
4599 7183 7180 7182
4600 388 1391 2007 927
4601 1371
4602 7188 7185 7187 7186
4603 3051 3064
4604 5770
4605 6091 2871 589 894
4606 434 460 442 463 448 458 435 459 296 294 465
4607 4774 7190 4781 4783 7191
4608 7192 5532 7194 7196 7195 7198
4609 888 1021 7200 5681 1020 7201 7202 4430 4172 5198
4610 7203
4611 5053 3854 2502 1995
4612 7205
4613 916
4614 392 1185 1186 729
4615 3061 3064
4616 7212 7210 7207 5516 7216 7209 7211 7214 7208 4193
4617 3580 7218 7217 2529 7222 3577 7220 7221 717 7219
4618 7224 7225
4619 7227 7228
4620 2134
4621 860
4622 7234 7229 7237 7231 7233 7232 7235
4623 572
4624 3770
4625 5738 7240 4855 7241 3397
4626 7246 763 7248 7243 7249 7245 7244 7247
4627 5545
4628 6643
4629 7250 7255 842 849 7252 7254
4630 7261 7267 7259 7274 7272 7269 7258 7265 7276 7260 7268 7263 7266 7270 7275 7262
4631 7277
4632 7281 7280 7278 4090
4633 7282
4634 7283
4635 5996
4636 6312
4637 7286 7287
4638 7289 7290
4639 861
4640 7291
4641 7292
4642 7294
4643 7296 7297
4644 5782 5785
4645 1372 4090
4646 1666 7299
4647 186
4648 1372 1444
4649 2617
4650 860
4651 7300
4652 1777
4653 7305 7302 7304
4654 2445 2441
4655 6371
4656 1758
4657 7306
4658 7309 6618 7308
4659 3765 916 7310
4660 4177 3425 7058 6921 3433 4892 7311 7312 3421 3378
4661 4488 3863 945 2954 2112 3129 948 1447
4662 3137
4663 7313
4664 7314
4665 7328 7326 7323 7324 7317 7330 7319 7322 7325 7327 7318 7321
4666 3130
4667 7331
4668 7332
4669 7334 7333 892 222
4670 7335
4671 882
4672 270
4673 7335 1863 5379 1887 1878 1871 1860
4674 6820
4675 7338 7339
4676 7340
4677 7342 7343
4678 1383 4846
4679 3854 3928
4680 525
4681 7344
4682 7347 7345 4659
4683 1479
4684 4152 3130 3967 2953 1444 3237 7348 3126 60 1372
4685 7350 7351
4686 4152 3126
4687 7353 7363 7366 7365 7361 7352 7359 7367 7354 7362 7357 7360 7364 7356
4688 92
4689 7368
4690 1371
4691 7369
